 0.572142901154963468
0.6362471395444860844
0.5324012986455696206
0.5895782263649482768
0.5456470483010561479
0.5761031246148569096
0.5723819742200760841
  0.54778075459482789
0.5863283037797690778
0.5266364306384405669
0.6356504438290104808
0.5490369958958916108
0.6760230997654411711
0.6160752461165059923
0.6120229373330582368
0.6279545150034029355
 0.570675767290694802
0.6172501741985774171
0.5867378088872261532
0.5886170128345155073
0.6134895299656009104
0.5634811719116025186
0.6235130945613018838
0.5860539621682121503
0.6730003420866714769
0.6143100923761328769
0.7133828472669224707
0.7413187344088019159
0.6818473679235924623
0.6971620271837331018
0.6814766345935537872
0.6882483277834730018
 0.641782771949122921
0.6615754482821433191
0.6597982712089981439
0.6333361148530832763
0.6834529291108475402
0.6513386295526732983
 0.688939439145647925
 0.679084442971667368
0.7376280675728201786
0.8093774447396874239
0.8379138049924907961
0.9675516481337788077
0.8098166641456853165
0.7977107301143947504
0.7823986982621059516
0.8034126041294155085
0.7966960722599737421
0.7734477065308260624
0.7537067223782416558
0.7438450828985398999
 0.770400815472810252
 0.760651406301942834
0.7930773053271894524
0.7779038734734644578
0.7880933701974018879
0.9204610323238402447
0.8492366452350016415
0.9078069197884834907
 1.112809756343164258
 0.985583176490777868
 1.113753261354845092
0.9361830952959263596
0.9478248449980839485
0.9619960625231867013
0.9406502680308792552
0.9463628949274217605
0.9694839555628242955
0.9056450172716744573
0.9155171299023877607
0.9254415103150952504
0.9356238986618082842
0.9337025191469165986
0.9494982228483010989
 1.078141990306626719
 0.946701747529585802
 1.047535788002937451
0.9909037229219207488
 1.098893441228143697
 1.156916669743928372
 1.304546713712705586
 1.280696369736953111
  1.13696403913180033
  1.31298235474088254
 1.166457700973614564
 1.151586382416577958
 1.170659272250299754
 1.164216729302128384
 1.142457924660656765
  1.20602955062826922
 1.152181556835534249
 1.142801609990988565
  1.15485160143869825
 1.157504817505205397
 1.310240920731527092
 1.182842453248216685
 1.237108965729174948
 1.138366580363392888
 1.267799861139756068
 1.163927955058062347
 1.312008692634034412
 1.243003074328338675
 1.359546235427462557
 1.501197237754463343
 1.356844779023663072
 1.497339598411679296
 1.431105775555491011
 1.576324340058941731
 1.423686637063188654
 1.403716242491001465
  1.41096636880241566
 1.431540165777746454
 1.440777199839590406
 1.495207801762049593
 1.417469619447493834
 1.406126338501056505
 1.594278227171073814
  1.44269822789065727
 1.487811347199436973
 1.435600483892914392
 1.483780776603002005
  1.35795644829747264
 1.513483443579453747
 1.372933741411372033
 1.220898663003868512
 1.669913798557271845
 1.548045766113397059
 1.580003369467725571
 1.720515775348847587
 1.654734070295852177
 1.718797219670236798
  1.65796919926313624
 1.809649218770328361
 1.631007803791953314
 1.622566065087930332
 1.685833614388358548
 1.676264664726167641
 1.651831379971608449
 1.730209284596299968
 1.826428536473543085
 1.638939559543011404
 1.700719271479680827
 1.657427983023646245
 1.699662127013674917
 1.653620510586473191
 1.734024908983847313
 1.583448154613167125
 1.529237572960509661
 1.687178944723664253
 1.595580192471297121
 1.719964009611840705
 1.685198047376314401
 1.739892655293315382
 1.803869454236900483
 1.714045093428224975
 1.773242109784305409
 1.707841329822911813
 1.885619176286373211
 1.770115606515981543
 1.707027611596500627
 1.732768103675011995
 1.756639556904273647
   1.8934154949289137
 1.797337058842187973
 1.741232799987434632
 1.680920193538539387
 1.747693012465679319
 1.706661197849075107
 1.815105409491294175
  1.73745097503889645
 1.668053470056516385
 1.725749684324776823
  1.61143091444277009
 1.674119856595525979
 1.538708664001942727
 1.653850418807413236
 1.596073462101082363
 1.545239081340046505
 1.633724303296023583
 1.556960689894624439
 1.620964039628161713
 1.634763265891757911
 1.751344644171922926
 1.588493479654768725
 1.562794613221561102
 1.747006789055238762
 1.608706184793577743
 1.590694086336418733
 1.647928635033798717
 1.591847352012214722
 1.525942431608868999
 1.650791612589732615
 1.544166263449861409
 1.582306430524463625
 1.656022110603819986
 1.548513474330116324
 1.676883992479982322
 1.157089606549047911
 1.504779019301280218
 1.385888860221236918
 1.280148051262677278
 1.329290294478645773
  1.26632522525607194
 1.341977956653702231
 1.375193150211438953
 1.360837242617098708
 1.257308523611583961
 1.420094836356144974
 1.417395466728019082
 1.233033296751126828
 1.342024083849030269
 1.360323788677546997
 1.323921675789800467
 1.381045237768285583
 1.369792085796635694
 1.246173053347968684
 1.322234893401661227
  1.28664481433697131
 1.394173652906516736
 1.507361431722969769
 1.150560535628970094
 1.326474404419532904
0.9745749683772396699
 1.046168193476863628
 1.150294576051957396
0.9948473298555623456
 1.056683340529436022
 1.099948322081938379
 1.065859693516571172
 1.023727263105979723
 1.126548885339618167
 1.103760251540553794
 1.106349232374553404
 1.116397064295301167
  1.00792022143900839
 1.072448517728673556
  1.10959482242545282
 1.088781292525838218
   1.1017468695111301
  1.05935266115831217
0.9846911671744786876
 1.157471860891997828
 1.053062305048864555
0.9669444261946346098
 1.329857285812982903
0.7313183463494162817
0.9227440726668074689
0.8509978616822650999
0.7977500740991498862
0.9531337035056622886
0.8885510281867728954
0.8433843541093175578
0.8441759379787466822
0.8860872119137711556
0.9030925593325841438
0.9253186863136156903
0.9190067420791936392
0.9093756183688442851
0.9014074962652337542
0.8369673458938223787
0.8851209222336940963
0.9081924241697925115
0.8510059218924135305
0.8951640005103671527
0.9561390702650497397
0.7846055956253840113
0.8470246535451561032
0.9338260109100020578
0.7236255127990609548
0.8612760702114490297
0.6731466593659716224
0.7005608792309361288
0.7550229706212426839
0.7517256814043560276
0.8154078344219344299
0.7100940745931347831
0.7080718232440735838
0.7901614880762936055
0.7726701861590256071
0.7685003819063304098
  0.77470449331706559
0.7888112450865628622
0.7969790839746599964
0.7520644638049813757
0.7054640058338867981
0.7247901670958618592
0.7844494650584232787
0.8051759554055081258
0.7457731112196104295
0.7551760851365916238
0.6920957149485141846
0.6647612767470649775
0.8712268763307373654
0.5873933515707131514
0.6875553544884114299
0.6632491509594667933
0.6907269400284781202
0.6956547321297549269
0.6279626666310811345
0.7299837730420015713
0.7049878931172257612
0.6242266179746586152
0.6839501481280154671
0.6856699053835568769
0.7013063259461342902
0.6894234060664913288
0.6609221453010671876
0.7041698698356065877
0.6460670935630556944
0.6303533197287840562
0.7173845899817964389
0.6996537910450401077
0.6902082008787322476
0.6801339893114806134
 0.659066821543153436
0.6827196136290153428
0.5866272117527316921
0.7652325670474264818
0.6724146551763471313
0.7143131686732379082
0.6918565995828841464
0.6366903414401438033
 0.707315636086864874
0.6298953333996104575
0.6548243457497225917
0.6840192452567983583
0.6230287767085224138
 0.637508566332057991
0.6215087296112893345
0.6663766134137991681
0.6962363168804716063
0.5655745195230844624
 0.625906798856699087
0.6908017084330834168
0.6041371204386901672
0.6860172516076862292
0.6934166341361175379
0.6906927918356458029
 0.705564459681157663
0.6729582934123488069
0.7599862114450512962
0.6948119695767149828
 0.827396646151910109
0.7903854972666369827
0.7279570904693944966
 0.786090634105428232
0.7512593171675423509
0.8316656792307077772
0.8154192939376275762
0.7830469575396838966
0.7445522231090755394
0.7316292158434050119
0.7872834726351721768
 0.740802112729093909
0.6839329934810056688
0.8175794741844775171
0.8267510743759228786
 0.762420196559323804
0.7996047886755268674
0.7177131264966427615
 0.790929549479192362
0.7893111159344442518
0.7900403807920888255
0.8165191154861100031
0.7042403491750859335
  1.07952283063350496
0.9507969186320673893
0.8923073941544533705
 0.956671161489152766
0.9593969243595422691
0.9928579176650769167
 1.017149963988480232
 1.031797465322334295
 1.010510789447456315
 1.048535219942947849
0.9809704020520906287
0.9251704062114951554
0.9369842123767823105
0.9935627435306656485
 1.046504805319505849
 1.038663508520174972
  1.04104955783952402
 1.007645546094562805
0.9728238498701216042
0.9020386143938478041
0.9717149369164769235
0.9681626588114810028
0.9495773317666839075
 1.057147605622532849
 1.262885005048207887
 1.124006506474548361
  1.18427149960597955
 1.206487937036164748
 1.202571057850658098
 1.265851435687288529
 1.240179089193149009
 1.273770653133718955
 1.291187213333429229
 1.274644575590631934
 1.342283472659630661
 1.216724448892351873
 1.203819333153598903
 1.339545267696208741
 1.289175593468594894
 1.301742675705773289
 1.301675368871100025
 1.233799986963415973
 1.273460139119392043
   1.1988056067945001
 1.131334921869315391
 1.191887789774629169
 1.207549362302786866
 1.279848570903771909
 1.417856154614133724
 1.553131386252473156
 1.533219484152837708
 1.511399026801488743
 1.546033240513594809
 1.480921121148843334
 1.458116247355584871
 1.420957436927928308
 1.436124835708940228
 1.450357684955809079
 1.392698875973541028
  1.51711191172805715
 1.541127154866730242
  1.40647700506243245
 1.410844045295335025
 1.401289601243476124
 1.422298201481976054
 1.494236720967149434
 1.477155753815094341
 1.557028493316998885
 1.520282359913426085
 1.459570608196907537
 1.526955459597608256
 1.458773081088156287
