1.315818825194792225e+02
1.228499725362278809e+02
1.383239929335937006e+02
1.296258626143372510e+02
1.223616184237801434e+02
1.235587360030735624e+02
1.304802528785197921e+02
1.223424061320554159e+02
1.223616184248991345e+02
1.223424061338717479e+02
2.531923604393512335e+02
1.376400088721949828e+02
2.622720825459262528e+02
1.532960608206175266e+02
1.607950591482984635e+02
1.451677483708619150e+02
1.310025723720198982e+02
1.520048086586960210e+02
1.481615501045262420e+02
1.274750431659304866e+02
1.305209828512195998e+02
1.306254633038574298e+02
1.481605246501437705e+02
1.305209828468894102e+02
1.304802528745758252e+02
1.747440970074941617e+02
1.771437452665896899e+02
1.334689753101951339e+02
1.259432265350609583e+02
1.763773106131706925e+02
1.751857293884057754e+02
1.318954681950418149e+02
1.482016332781169297e+02
1.470732264017158286e+02
1.764145357855895497e+02
1.482016332889979822e+02
1.481605246431625176e+02
2.054906898414534169e+02
2.037083854194134176e+02
1.242445500126084426e+02
1.272474346617457428e+02
2.102532849542018312e+02
2.118530845954104507e+02
1.455501900960263413e+02
1.764505110142792432e+02
1.746014837689974968e+02
2.137849581659807257e+02
1.764506327523956486e+02
1.764146575161137775e+02
2.426240498314065235e+02
2.369313848527803827e+02
1.216561952100268797e+02
1.396055251066208598e+02
2.486747283203198151e+02
2.515910849487198391e+02
1.717446129447143903e+02
2.138108115099747124e+02
2.131986428714009207e+02
2.522548636984292614e+02
2.138108114932834383e+02
2.137849581811148880e+02
2.746903143040551072e+02
2.687013015608742990e+02
1.337030893019528150e+02
1.704888851503941680e+02
2.760055644644463086e+02
2.754084503856269635e+02
2.138227396582842914e+02
2.522678349637711790e+02
2.575084456648908144e+02
2.701835939319937552e+02
2.522678349750982250e+02
2.522548636977754484e+02
2.764678087330391918e+02
2.786610167042596231e+02
1.727091058069227927e+02
2.286627918037903555e+02
2.616347726893445156e+02
2.575085635566842370e+02
2.616348871492401145e+02
2.701837056838630815e+02
2.754084504921966641e+02
2.522678337125733492e+02
2.701837056845155303e+02
2.701835939326376206e+02
2.286629247704399575e+02
2.377182079182065877e+02
2.377183327962463011e+02
2.764678104790391444e+02
2.138227374009861137e+02
2.131986445074828680e+02
2.760055647743677127e+02
2.522548646437448951e+02
2.515910832098301455e+02
2.138108082240159433e+02
2.522548646430907411e+02
2.522678337238885717e+02
1.704888874131159469e+02
1.727091028251260241e+02
2.786610164758967585e+02
2.746903138485952809e+02
1.717446083285950351e+02
1.746013262622941511e+02
2.486746170278895534e+02
2.137848294329070029e+02
2.118532123078722407e+02
1.764506643734255817e+02
2.137848294480710365e+02
2.138108082073492540e+02
1.396053273274064566e+02
1.337030842818396366e+02
2.687011978579506035e+02
2.426241611830812985e+02
1.455503759342161061e+02
1.470732250899085045e+02
2.102532837138107027e+02
1.764145343006856876e+02
1.751857304482782638e+02
1.482016341556857526e+02
1.764146560312032648e+02
1.764507861114333309e+02
1.272474339824472054e+02
1.216564172151530840e+02
2.369313840858259539e+02
2.054906905856455808e+02
1.318954684745858970e+02
1.306254630299693247e+02
1.763773084100310484e+02
1.481605227892748928e+02
1.481613987214152530e+02
1.305208098021841181e+02
1.481605227823061171e+02
1.482016341665730579e+02
1.259432275371599843e+02
1.242445496170702057e+02
2.037083839780179915e+02
1.747439685474035969e+02
1.274748646686404356e+02
1.235589120294557119e+02
1.520049524875617237e+02
1.304804203034417185e+02
1.315818816853111741e+02
1.223616186045921808e+02
1.304804202994870082e+02
1.305208097978342323e+02
1.310027373718492925e+02
1.334688043018615247e+02
1.771438686264353350e+02
1.532960599365540020e+02
1.296258644539856277e+02
1.228499724389822205e+02
1.383239930826161128e+02
1.223424062289427070e+02
2.726417813030676029e+02
1.223424062307622080e+02
1.223616186057201816e+02
1.376400086238851372e+02
1.451677509475093473e+02
1.607950592754116883e+02
2.747866600400019479e+02
2.052321533483660971e+02
1.857957707171835580e+02
2.176124403765878412e+02
1.981971886340515425e+02
1.678309660302565192e+02
1.696495277580722529e+02
2.034782750191831724e+02
1.871581698944700349e+02
1.776207811255515310e+02
1.582690694681759851e+02
2.635795955936555970e+02
2.193726537974364987e+02
2.386577699042262566e+02
2.352612774608242887e+02
2.492686698218303718e+02
2.333988834701527253e+02
2.024222439774146380e+02
2.310909941322942132e+02
2.249612336016425900e+02
1.758284063534822508e+02
1.491190008973772478e+02
1.463965698442585222e+02
2.277695225737857356e+02
2.001381969068272895e+02
1.457205875827829971e+02
2.483497534566403999e+02
2.570614062594709139e+02
2.111767588882788402e+02
1.755890591076487794e+02
2.486592047869904718e+02
2.476274665600579112e+02
1.474928569269345076e+02
1.285331341522562241e+02
1.214942072744933341e+02
2.547915309102320123e+02
2.293129647637497612e+02
1.299976614101057351e+02
2.598087598509277427e+02
2.637016335270701006e+02
1.795351125964176617e+02
1.429851901976282704e+02
2.644145386896917103e+02
2.674085626721084736e+02
1.185922039650505440e+02
1.112788966987786381e+02
1.042677946049257116e+02
2.745722032327475972e+02
2.603830432777436954e+02
1.167592218032312559e+02
2.639585781552739832e+02
2.638149584659364564e+02
1.429109446087098831e+02
1.141556530430608660e+02
2.685183013591645249e+02
2.699501689814700853e+02
1.029203147735959476e+02
1.091306867517995869e+02
1.128202243359296517e+02
2.663086133072959001e+02
2.790241684622848197e+02
1.134814114103003817e+02
2.496571035920991619e+02
2.501315505406843442e+02
1.146951718588162379e+02
1.084234210522278232e+02
2.441882953297657934e+02
2.353951423778846674e+02
1.216015885208435208e+02
1.403668490370523614e+02
1.663334457981790990e+02
2.093842513482881031e+02
2.600831461333493735e+02
1.341304049744167912e+02
2.062376682834743349e+02
2.139098228908551960e+02
1.160920248787552396e+02
1.453225727904302005e+02
1.824607602032468492e+02
1.663336282955945933e+02
1.824609211265407680e+02
2.093843921512523139e+02
2.353951472526674706e+02
1.403668457845886053e+02
1.950600196336501142e+02
1.950598639063605049e+02
1.453227855928284100e+02
1.581308884904149750e+02
1.581310707997207032e+02
2.062376781808490023e+02
1.216015856515871718e+02
1.128202254761373666e+02
2.441882941448872657e+02
2.663086126212515978e+02
2.699501699307440958e+02
1.091306842706275120e+02
1.341304071452516098e+02
2.600831495237719082e+02
1.084234210548888058e+02
1.160920194054382648e+02
2.139098212384520536e+02
2.496571051369480756e+02
1.029203156777970776e+02
1.042675243202066753e+02
2.685181967515181327e+02
2.745721012917430812e+02
2.674086631738866799e+02
1.112791374516796736e+02
1.134811652964223470e+02
2.790241687991658068e+02
1.141554057665209143e+02
1.146951744772523654e+02
2.501314379765014166e+02
2.639586795048282966e+02
1.185924258964500950e+02
1.214942112776765271e+02
2.644145387755243064e+02
2.547915305493470441e+02
2.476274667471123507e+02
1.285331328424047115e+02
1.167592228921219260e+02
2.603831468070820279e+02
1.429851959938948482e+02
1.429111263439486663e+02
2.638149592537552621e+02
2.598087597880848989e+02
1.474928547740420015e+02
1.463965721440894754e+02
2.486592044032718718e+02
2.277695217032486426e+02
2.249611332964653343e+02
1.491188476489780612e+02
1.299976633559700190e+02
2.293129651989141280e+02
1.755890612838863376e+02
1.795351103169360840e+02
2.637016336488412662e+02
2.483496623089490640e+02
1.758282763309716472e+02
1.696496539425116055e+02
2.310910885397103698e+02
2.034783823461082761e+02
2.052321527697770875e+02
1.678309689169651335e+02
1.457207350434053978e+02
2.001380844770441456e+02
2.024223497225801225e+02
2.111766506284535296e+02
2.570614909598727991e+02
2.352612770771961266e+02
1.981971912730491283e+02
1.857957703884226532e+02
2.176124404614966750e+02
1.871581700010713405e+02
2.652886627909983304e+02
1.582690691493120880e+02
1.776207803855897680e+02
2.193726535214767637e+02
2.333988854478169230e+02
2.492686698624493147e+02
2.723157667272845970e+02
2.660933478301464561e+02
2.661156964658236461e+02
2.747863550925080176e+02
2.457249721481771587e+02
2.128239349145183041e+02
2.635797391755266972e+02
2.660934196683837172e+02
2.723153742621487368e+02
2.726418575423881521e+02
2.622721207491096607e+02
2.531924673369770460e+02
2.617038591418249212e+02
2.661158492810363896e+02
2.651310053696650471e+02
2.457246152942256003e+02
2.467625556357369021e+02
2.651310122323622522e+02
2.652889694591014518e+02
2.386577638321983841e+02
2.467900604164650531e+02
2.467627649811056756e+02
2.163010219576083557e+02
2.157412897123646189e+02
2.474154179081005509e+02
2.617038365565480831e+02
2.128240246324687632e+02
2.157735969024301141e+02
2.467903649517828057e+02
1.775185351919738821e+02
1.764810833063386326e+02
2.168890524635246777e+02
2.474596661846403549e+02
1.775015410332323711e+02
1.765144483483811371e+02
2.163008997235245374e+02
1.395022076173887910e+02
1.405746435761220994e+02
1.755131687717275781e+02
2.177862546153531298e+02
1.403340939624845021e+02
1.405999056503370070e+02
1.775016294025034256e+02
1.207273906073287435e+02
1.255296573370552693e+02
1.358224669351769478e+02
1.734477820274623525e+02
1.186256266087148390e+02
1.255298987221771512e+02
2.474601011818237168e+02
1.358226873595185396e+02
1.405999057486202730e+02
1.207273912284126567e+02
1.313869439972984310e+02
1.313867127391388578e+02
1.405746423962828828e+02
2.474156325809561281e+02
1.755131681500494096e+02
1.765144501659170544e+02
1.395022097006025490e+02
1.186256258711187286e+02
1.734477885847759069e+02
1.764809276476130435e+02
2.157412625518547316e+02
2.168889221793203888e+02
2.157737227746969211e+02
1.775186813424970467e+02
1.403338930576446728e+02
2.177862563778834613e+02
2.157412929834937643e+02
2.157736923260236495e+02
2.474154192633388050e+02
2.467900601858740401e+02
2.163010215940363707e+02
1.775015457008457247e+02
2.474597736397637959e+02
2.467624601644455424e+02
1.775186507803328482e+02
2.651310129986039783e+02
2.661158489041475264e+02
2.457245225101084429e+02
2.128240263010360707e+02
2.617038362831318636e+02
2.660935002930964970e+02
1.403342575305983928e+02
2.723154541833455369e+02
2.747863550925080176e+02
2.635797404345313453e+02
2.386578537416330903e+02
2.652888838313101587e+02
2.177864390432678761e+02
2.168891353916643823e+02
2.726418575423881521e+02
1.764806537993799509e+02
2.531924671615204545e+02
2.622721206611996649e+02
1.765141764854032829e+02
1.395026040986737996e+02
1.228500940756243409e+02
1.186259438076576771e+02
1.315820033601193018e+02
1.383239930858991329e+02
1.296258644417895027e+02
1.235590336012819392e+02
1.481612770334567699e+02
1.520049524815918289e+02
1.274751078023323601e+02
1.306253414941687936e+02
1.751856087029083824e+02
1.763775519732439250e+02
1.318957114745869319e+02
1.470729819376048511e+02
2.118532122942698095e+02
2.102534055432512048e+02
1.455502544148728532e+02
1.746014479388818756e+02
2.515909613457974956e+02
2.486744951612389798e+02
1.717447299702017744e+02
2.131985227201854514e+02
2.754085723744462371e+02
2.760056866622424536e+02
2.138226156581835085e+02
2.575086854136227430e+02
2.575085675218850838e+02
2.616347653029259277e+02
2.616346508429959385e+02
2.754085722678755133e+02
2.131985210841168339e+02
2.138226179154891611e+02
2.760056863523202537e+02
2.515909630846795721e+02
1.746016054454374284e+02
1.717447345863548094e+02
2.486746064537248060e+02
2.118530845818104353e+02
1.470729832493993854e+02
1.455500685765199478e+02
2.102534067836435838e+02
1.751856076430344729e+02
1.306253417680236169e+02
1.318957111950503815e+02
1.763775541764131845e+02
1.481614284166948323e+02
1.235588575750822002e+02
1.274752862992848463e+02
1.520048086527255009e+02
1.315820041942860144e+02
1.228500941728736819e+02
1.296258626021657960e+02
1.383239929368734238e+02
1.734478949045333991e+02
1.532961825945809551e+02
1.310026939784860645e+02
1.376398871468884693e+02
1.451676266188976854e+02
1.607951809656883313e+02
1.755133202059279824e+02
1.747440970068984143e+02
1.259432265217557472e+02
1.334688537194589628e+02
1.771435016045406314e+02
2.054905679884641643e+02
1.272474346581137326e+02
1.242445500115836978e+02
2.037082635674596816e+02
2.426239279561322917e+02
1.396054036916755194e+02
1.216561951961110708e+02
2.369312629819653750e+02
2.746903143054944394e+02
1.704888850927160604e+02
1.337032106932273621e+02
2.687015453558180411e+02
2.764676868454353666e+02
2.286626699507334592e+02
1.727093490241679774e+02
2.786611385953628997e+02
2.286628029174508754e+02
2.764676885914244622e+02
2.377185155073582052e+02
2.377183906294166320e+02
1.704888873554174040e+02
2.746903138500251771e+02
2.786611383669991824e+02
1.727093460423574243e+02
1.396052059122863511e+02
2.426240393078692534e+02
2.687014416530054746e+02
1.337032056730320733e+02
1.272474339788258675e+02
2.054905687326399288e+02
2.369312622149990943e+02
1.216564172012232916e+02
1.259432275238166454e+02
1.747439685468101516e+02
2.037082621260703945e+02
1.242445496160464984e+02
1.310028589781974802e+02
1.532961817105270654e+02
1.771436249645621785e+02
1.334686827109487410e+02
1.376398868985813806e+02
1.405746119435690105e+02
1.607951810928026362e+02
1.451676291955263594e+02
1.981971886285908226e+02
2.176125623079489060e+02
1.857955878996838237e+02
2.052320923954991940e+02
2.352613079466134423e+02
2.310910550960848866e+02
2.024222134966381077e+02
2.193725928301825263e+02
2.333987920127640905e+02
2.492686698214078262e+02
1.405998754237269566e+02
1.871581698936633416e+02
1.207277544712499946e+02
1.678308441700663707e+02
1.582690694723719957e+02
1.776209029727878601e+02
2.034780312416053789e+02
1.696495886627402001e+02
1.758285890483425931e+02
2.249611726512715961e+02
2.483495705510686093e+02
2.486592047870814497e+02
1.755890591176766975e+02
2.111768655371965622e+02
2.570613605259234760e+02
1.491190009000425789e+02
1.457208310165054286e+02
2.001381969122956264e+02
2.277694006780595828e+02
1.463966307016306416e+02
1.474927961227316189e+02
2.476275884708442163e+02
2.598087903323731780e+02
2.644145386896002492e+02
1.429851598387059255e+02
1.795350593096712259e+02
2.637016106631979255e+02
1.285330126571340656e+02
1.299976614101560415e+02
2.293129647660998671e+02
2.547915309103795209e+02
1.214942072467408138e+02
1.185921432937854689e+02
2.674086236266167589e+02
2.639585629200202561e+02
2.685182708804885579e+02
1.141556075897772331e+02
1.429108155335887318e+02
2.638148441675187428e+02
1.112789572801491573e+02
1.167593430674158412e+02
2.603831042277878964e+02
2.745722032327078068e+02
1.042679155131028779e+02
1.029203751792810806e+02
2.699501994553734789e+02
2.496572216733746075e+02
2.441883105490738046e+02
1.084235834788075010e+02
1.146948427116887501e+02
2.501313829631211263e+02
1.091306262407927363e+02
1.134812297756345174e+02
2.790240465634593647e+02
2.663085828341834258e+02
1.128202243138908898e+02
1.216017246938401399e+02
2.353950206093446695e+02
2.062377710370344346e+02
1.824606992631398157e+02
1.453228726650681892e+02
1.160916202810981872e+02
2.139093548413190149e+02
1.403667580248590809e+02
1.341302837253643645e+02
2.600830852206714781e+02
2.093840687425319231e+02
1.663334153659989454e+02
1.824608601853779817e+02
1.663335978634502510e+02
1.453230816719466816e+02
1.216017218246021372e+02
2.062377771291621400e+02
1.581308506484863585e+02
1.581306645425048885e+02
2.093842095456265042e+02
1.950598639501821197e+02
1.950600196774732353e+02
1.403667547723983944e+02
2.353950254845764505e+02
2.441883093645705571e+02
1.128202254540914709e+02
1.084235834814916615e+02
1.029203760834760573e+02
2.496572232182446101e+02
2.139093531889288329e+02
1.160916185888300305e+02
2.663085821481062112e+02
2.600830886111153291e+02
1.341302858962088180e+02
1.091306237596753448e+02
2.699502004045763215e+02
2.685181662728314791e+02
1.042676452287103075e+02
1.141553603131416708e+02
1.185923652253638920e+02
2.639586642695706473e+02
2.501312703988608916e+02
1.146948453301220496e+02
2.745721012917027792e+02
2.790240469003609292e+02
1.134809836613292333e+02
1.112791980328676544e+02
2.674087241283658045e+02
2.644145387754356307e+02
1.214942112498928424e+02
1.429851656349985092e+02
1.474927939698385728e+02
2.598087902695273215e+02
2.638148449553248724e+02
1.429109972689896324e+02
2.547915305494927907e+02
2.603832077571023547e+02
1.167593441563010543e+02
1.285330113472929838e+02
2.476275886579028054e+02
2.486592044033621676e+02
1.463966330014808364e+02
1.755890612939198547e+02
1.758284590259698632e+02
2.483494794033018707e+02
2.637016107849623268e+02
1.795350570301970095e+02
2.277693998075289130e+02
2.293129652012679003e+02
1.299976633560200696e+02
1.491188476516417154e+02
2.249610723460830286e+02
2.310911495034708878e+02
1.696497148471290757e+02
2.024223192418378403e+02
1.981971912675797114e+02
2.352613075629870423e+02
2.570614452263359340e+02
2.111767572774274129e+02
2.034781385686619046e+02
2.001380844825365841e+02
1.457209784768430154e+02
1.678308470567203869e+02
2.052320918169070865e+02
2.176125623928571144e+02
1.857955875709188263e+02
2.193725925542233028e+02
1.313868681437035377e+02
2.492686698620258596e+02
2.333987939904288851e+02
1.871581700002637376e+02
1.776209022328363858e+02
1.582690691535019880e+02
1.313866368857737541e+02
1.358228692736973926e+02
1.255300501498646923e+02
1.255298087650302676e+02
2.747866600400019479e+02
1.358226488496520403e+02
2.726417813030676029e+02
1.734478883472757786e+02
2.635795943346495278e+02
2.531923606148074555e+02
2.622720826338429561e+02
2.723156868061834643e+02
2.660932672053401120e+02
2.661156968427240486e+02
1.186259445459209161e+02
2.457250649321207163e+02
2.386576799947476673e+02
2.652887484188640315e+02
2.651310046034341212e+02
2.467628604522546141e+02
2.467903651823720850e+02
1.207277538501616618e+02
2.163009000870943623e+02
2.128239332459406796e+02
2.617038594152384121e+02
2.474156312257129287e+02
2.157412592806774683e+02
2.157735664537333662e+02
1.405998753254431790e+02
1.775185046296371070e+02
1.775016247348621619e+02
2.474599937268296515e+02
2.168892656757453210e+02
1.764808094585249023e+02
1.765141746678545189e+02
1.405746131233396738e+02
1.395026020150997965e+02
1.403344584349049171e+02
2.177864372807471227e+02
1.755133208276090215e+02
