B	1	4	24	462	461	481	488	576	577	580	582	593	609	678	537	522
A	2	13	26	183	182	190	201	209	222	358	357	360
A	7	0	17	25	38	195	194	202	213	221	234	365	364	367
B	9	466	465	477	484	564	565	568	570	581	597	691	689	686
B	325	338	187	188	191	193	204	220	63	64	67	69	80	96	438	437	505	512	648	649	652	654	665	680	10
B	11	3	5	20	36	458	457	485	492	588	589	592	594	605	621	418	416	412
A	14	168	166	178	189	197	210	351	350	353
A	719	705	684	608	607	615	626	634	647	511	510	428	423	143	142	150
B	370	376	387	271	272	275	277	288	304	147	148	151
B	363	369	380	259	260	263	265	276	292	135	136	139	141	152
A	159	153
A	687	685	470	620	619	627	638	646	659	515	514	424	419	154
A	717	720	698	596	595	603	614	622	635	507	506	432	427	131	130	138	149	156
B	377	383	394	283	284	287	289	300	315	158
B	161	164	184	27	28	31	33	44	60	450	449	493	500	612	613	616	618	629	645	361	354	340
A	162	173	186	337	336	339
A	167	160	177	185	198	344	343	346
B	169	15	16	19	21	32	48	454	453	489	496	600	601	604	606	617	633	403	396	382
B	330	175	176	179	181	192	208	51	52	55	57	68	84	442	441	501	508	636	637	640	642	653	669	172	170
B	171	163	165	180	196	39	40	43	45	56	72	446	445	497	504	624	625	628	630	641	657	324	323	320
A	174	329	327	332
A	703	706	714	572	571	579	590	598	611	499	498	440	435	107	106	114	125	133	146	303	302	310
B	391	397	408	307	308	311
B	384	390	401	295	296	299	301	312
A	710	713	721	584	583	591	602	610	623	503	502	436	431	119	118	126	137	145	157	314
A	696	699	707	560	559	567	578	586	599	495	494	444	439	95	94	102	113	121	134	291	290	298	309	316
B	398	404	414	318
A	321	319	12	679
A	328	322
B	326	334	345	199	200	203	205	216	232	75	76	79	81	92	108	434	433	509	516	660	661	664	666	677
B	335	341	352	211	212	215	217	228	244	87	88	91	93	104	120	430	429	513	520	672	673	676
B	342	348	359	223	224	227	229	240	256	99	100	103	105	116	132	426	425	517	524	683
A	347	333	313	668	667	675
B	349	355	366	235	236	239	241	252	268	111	112	115	117	128	144	422	421	521
B	356	362	373	247	248	251	253	264	280	123	124	127	129	140	155	417
A	467	8	6	18	29	37	50	207	206	214	225	233	246	372	371	374
A	473	468	463	23	22	30	41	49	62	219	218	226	237	245	258	379	378	381
A	539	474	472	464	459	35	34	42	53	61	74	231	230	238	249	257	270	386	385	388
A	389	375	331	656	655	663	674	681
A	527	538	551	479	478	460	455	47	46	54	65	73	86	243	242	250	261	269	282	393	392	395
A	532	525	542	550	563	483	482	456	451	59	58	66	77	85	98	255	254	262	273	281	294	400	399	402
B	405	411
A	693	533	531	543	554	562	575	487	486	452	447	71	70	78	89	97	110	267	266	274	285	293	306	407	406
A	692	700	548	547	555	566	574	587	491	490	448	443	83	82	90	101	109	122	279	278	286	297	305	317	413
A	415	410	368	644	643	651	662	670	682	523
A	535	476	409	632	631	639	650	658	671	519	518	420
B	469	471	480	552	553	556	558	569	585	722	723	712
B	475	540	541	544	546	557	573	715	716	718
B	526	529	549	701	702	704
B	534	694	695	697
B	536	528	530	545	561	708	709	711
B	690	688
