253.7135233097747573
158.0433523861001675
242.8176529700226922
146.1049398903190024
149.2668488305078256
261.4538499834563368
157.9670559329420314
281.6187900421628569
171.5301107874006163
268.9881045914657989
292.5672062640322793
169.5342100306264399
287.7570268538000846
185.1460834474363537
274.6706120708026333
299.3363861352831918
181.4744275210746878
268.6758793825432576
195.3962510951138256
258.7667947677823008
276.6612309008338002
189.8204361924303214
249.1228338043858628
200.3103398165448255
 244.563902158218184
252.9319960606169673
194.2082710280381548
235.5403332903326827
 204.821715494021646
231.5165661571315354
239.0370163941602186
198.3051140980983007
209.3668568458371055
211.6796565145431259
 202.939450653262071
213.8529030886332976
202.9327658634987301
218.2304388039543142
218.6360273760373047
211.2681514358143886
219.7638499450474399
204.5023929322787808
204.4370350623501906
220.1681619935063452
202.8609871013497923
201.2144904734982731
201.2748425753414949
243.1079316459729398
215.4556634031604574
247.8307324863873191
234.5000319249932659
192.6129031966707714
 237.438610157173315
205.4192578760693664
247.5797751210287458
224.3160937119878611
179.5759376351817593
 224.363303433434055
191.9458652611179161
238.1893748188849713
208.7728809151045084
164.3611707437590326
198.2165867589736763
143.0331973740670719
179.2646367526370739
123.2813689586049435
127.9275209335060595
215.5437293048464085
146.0019177372502384
218.9343293530333767
166.5000062088372204
195.9335697609429019
238.7660882999264231
166.6495782157863346
 230.757392571265683
186.4181871808540336
211.8040290956780325
246.5946495047568305
183.6025744027434143
 207.975186591903622
208.0736907556433835
186.3169761617751021
228.6418034632292802
204.4792144867364811
204.4160388812390465
228.7401409220091466
183.5332962375975399
222.1684584333453074
222.2270602769170296
197.5575767490975068
245.8544739297603883
180.0798903943706364
211.9941441454100186
236.2639697053444081
190.0756739160687516
 258.902586350061199
176.5985275354669284
198.7682433240671003
244.6292668301249762
195.0034824450087569
268.7872814225111142
184.7750314371114371
199.9100995412146631
249.1777566774981381
189.7555446506501085
276.7754867883231782
181.4035631215813851
194.1493516543180249
252.9911287769717489
243.6102578540347565
283.8063920093898673
236.1208042128932334
246.7450471553925126
255.5381681915319518
256.7770234464081796
284.0128027368492667
256.2384025813289554
255.7292182169959744
254.2443567684105972
258.5658089865444822
277.6805487127762717
264.9234070326627943
254.3678716221552634
249.9242271328069478
130.5804287077817776
141.5810869805171137
141.5504542704415201
130.6155363638195865
124.3652466182390839
157.8622418827213778
 141.932224279041435
134.7783405147412168
157.6694667296358716
 131.587158063409646
230.3427793652738274
147.2128368721247114
133.7354579293886445
147.1708773873862697
149.2134714168742278
253.6874239500547219
157.9150990229287004
261.4334371470576457
145.8318541091164775
242.8157211605699501
157.7415546504055897
134.0556592163612493
230.3152253691803821
147.5173089688537971
 131.631109557326198
215.5113783916316663
147.2600148988436217
127.8794549875483852
198.1905406352944681
145.9445378545031815
123.2199437758872733
 179.246698306354233
142.9596565354146946
134.8576459886397174
157.8276767169055006
157.7611160894851139
124.3195350336217757
141.8749327417807535
277.6068460854508544
258.7966109527523599
  283.88589289937579
 265.095901491020868
249.8829626310219112
254.6040563076177818
254.1986440161914231
230.5586734991742333
247.9698298711319921
237.2181853501386968
 198.917620317455345
238.3743142845455338
 208.327764733072371
191.5831624420578123
224.5534010898134056
205.0449127740558026
164.3232666548856287
208.9530547016273943
179.5405520404504216
180.3337232759804749
188.7407486523666762
200.3391649875644305
165.0848661296078319
 170.280020275089413
183.7021579508002844
156.7602000488909368
156.8895156891539386
170.1455641519031872
164.9714766903342138
188.5780394021053326
183.5665497186300001
180.3139778421882511
200.3095942559967853
198.4541361570308595
247.7434632061073785
207.8282035104535908
230.4760446590693164
237.1282728152474135
256.0609798155406907
312.3015229035517564
245.7853951472613403
322.9473531101876347
256.6004650995050724
283.6746101561568025
236.1427196130866548
223.0307295994238359
 243.609329911741014
176.1964293347685384
261.2376372486023115
162.0565920850206112
189.6411137737302113
245.7461826304046895
180.0235703762542983
164.4196641749788057
197.4861206141312095
211.6822662939904944
186.9002852714632752
186.7793765287024428
230.6149795116012342
166.4198548588170183
196.0217245047738572
167.2671491635132384
219.0176619351448437
255.5681062895349385
255.4773743830419335
252.7921041040090699
 240.079795500653205
247.4162483483608241
213.6069802843397838
 237.290588484218091
215.0591659750808446
 224.177573542224394
192.5593242713968891
204.7547632708695176
219.6941666743710186
204.8840125363533389
210.2255538396379109
304.7998538608172794
255.0620980403278679
167.2089808249267548
246.7410544819415463
248.1268638947780403
247.8351975067469368
243.1128583443769173
234.5000884466276716
219.6863526024702367
246.4437226055048029
166.5892418137929099
261.0836434553538652
164.4786273708235456
274.5351492880568003
162.4378642348893607
287.5796640882043675
171.2002322132040604
299.1409136945110276
169.4788806192728714
312.1067712644229459
223.0021444412861342
322.8258722324575274
245.8721649219680501
252.9428193768620758
 213.098892999599542
240.0015276324648141
304.8779371363342534
210.2123002330816348
292.6646081752548412
281.7211812893570482
269.1165716765845559
255.1569717752366557
238.8484554118512904
248.1225336011759168
213.3480963199644691
238.9672163402028673
198.2447849549630234
208.8746761193272334
235.4716630810950733
231.4486713724000424
 204.422994040574622
226.2029841048277774
203.8505386206511503
211.9179289940177853
226.2836020751341266
236.2091486359369412
202.4623150083239125
203.3786029906377451
198.3165379676429154