172.6589478493667116
243.2667644150894262
299.0553900054801488
319.8034470047354034
 332.020218884996666
367.7350837289441756
308.1605539863478498
314.8244477412484343
312.2040408068521629
288.0871961276645834
227.7422703595937605
161.5646521576481973
124.8607382402040997
134.1362975400128903
165.1744271532645882
235.1503519310026604
 291.019425873231512
324.8763106163857515
334.2698970976480837
336.0800510023524907
361.9653565975289098
 307.323690983524159
302.0030054115879352
288.6609072630274113
236.3761361494882181
166.9376562301067111
110.2581003297958233
 95.6291129240145068
105.0017418007448526
 113.180242324554726
 455.402521872673276
337.5956280590986012
338.1074678359455561
337.4188976666816302
330.7391936634846275
309.1851102982658404
289.4169714325898326
233.8274420426486415
185.5701608947845784
237.5352841902602563
 286.242591509302656
310.2887499997406735
320.0325533488741598
337.7437331838169143
334.9040609866751197
312.5867617553890909
251.3677833792791034
285.6676631633380907
315.3642730766578097
324.9612085925360816
338.8046482696308885
337.5635411149573883
329.6990692586460909
322.9302865279564116
306.8906175395368336
328.1064360203699266
336.3377157424897632
333.6011591119858508
326.0519569396322481
312.0675256183295119
277.7255199435413147
 358.738506911287061
339.5950325808572074
329.0537577596278993
315.9180891146935437
 283.383149720005747
236.4070985614693257
164.2886976129576908
132.0805683346258377
173.7638776007156309
233.2418669424444602
 284.389467981377436
305.2247334259254217
330.0911004162302333
336.4867649520002715
 315.304495652211358
122.6835497723339188
 163.729996340046398
232.6253009269346421
278.9452327248412189
313.3393478528860214
328.6980259807781408
317.7460254430723126
294.2095557049073022
312.1042220793368074
330.2477979056262143
338.5526071687479543
 339.106610511474571
330.1138859357170645
315.3976302387615078
298.3169394907950505
294.7303678559296714
326.9713385399772392
334.1559484598631116
333.9285068643730483
321.5316090386742758
314.1114540209235884
287.5541641307213467
235.4355728968808421
285.4675645583049004
307.3589903374960954
326.5619152328977179
334.4231814993921148
335.5526030614424258
  304.33140223985896
 319.467167208052274
329.1435553985314186
338.0186302594810854
337.1848679378907718
324.2865150697338095
315.8878090829452958
287.8016396303236206
246.0685285723349693
171.7040627334459657
226.5961905000433489
279.8516220744730276
312.4272023116600963
326.3049922270488992
334.6148013967330144
312.9480443823906057
180.9912236912411743
 228.900444708514641
287.2298189836632787
310.3024422970249248
330.4602846905002593
336.6470203918791526
337.4730781955046268
347.4701369338801555
