-2.909418226720703604e-01 5.031786557524564607e-01 -8.137346595883724332e-01
-2.146562116635412909e-01 4.854020668859635457e-01 -8.475302615583065746e-01
-3.373388492777249503e-01 4.286296366428619109e-01 -8.381402838185195714e-01
-3.850795915914939638e-01 4.958938107171526610e-01 -7.783334996209201329e-01
-1.233869373511810030e-01 4.381890318990303013e-01 -8.903740989126348593e-01
-2.377900787767668056e-01 3.390745577302420322e-01 -9.102111418431328982e-01
-1.347230689223225253e-01 4.949381032737226738e-01 -8.584206245355251452e-01
-7.023802740192464089e-02 4.929220945483359650e-01 -8.672337794463311766e-01
-7.608142044947734800e-03 3.491703698868128813e-01 -9.370283714849461099e-01
-5.986373083501961290e-02 1.915070610909369586e-01 -9.796639113914651364e-01
3.016759983756840680e-03 4.693211737826678553e-01 -8.830223864650653676e-01
4.575264753235849455e-03 2.015930900419773686e-01 -9.794586734517005677e-01
4.096714321839232784e-14 6.537205327122674798e-13 -1.000000000000000000e+00
-2.340205001299822118e-02 3.880830973112770477e-01 -9.213272239744547676e-01
-4.616893232248395207e-02 8.451243516375102826e-05 -9.989336427139944297e-01
4.574531644629450250e-03 -2.015178360655718315e-01 -9.794741627055211231e-01
-1.721829672969296121e-01 2.235799464299251249e-01 -9.593565725668514732e-01
-1.723593834395936997e-01 -2.235611000203610310e-01 -9.593292852290131734e-01
-2.342114605417670858e-02 -3.881364124863286302e-01 -9.213042793886021542e-01
-4.433364459841949157e-01 -4.344632480819703217e-05 -8.963552832301039386e-01
-3.974600766326947809e-01 -4.536280908542927870e-01 -7.976509529054809366e-01
-1.364569016624634923e-01 -5.751473345199520359e-01 -8.065885305304527630e-01
-7.085013332923933982e-01 -2.213468309476262219e-01 -6.700980832328532477e-01
-6.231550568001477108e-01 -5.635940888462286358e-01 -5.422540716324717458e-01
-3.520401448413397194e-01 -6.981721279542024705e-01 -6.233966764171823272e-01
-8.334098274994382605e-01 -3.338745293015535354e-01 -4.404041985619833177e-01
-7.495323933680330120e-01 -5.384148639094157307e-01 -3.851111860403348408e-01
-5.587286714635635310e-01 -6.651438956928497070e-01 -4.953845674898448848e-01
-8.750870403087417371e-01 -3.590086147278760964e-01 -3.245542888868639397e-01
-8.241668819479368580e-01 -4.531322559952099538e-01 -3.397353518209533796e-01
-8.867597349292030140e-01 -3.559507289504905136e-01 -2.948834533640434796e-01
3.735292452356449577e-01 -1.088729969634158858e-05 -9.276184036742457506e-01
3.688928537006490038e-01 1.122870158399398299e-01 -9.226644506874385199e-01
3.493683744666897795e-01 2.156124770423702430e-01 -9.118404458380623412e-01
3.457129764534581651e-01 1.424562453426879427e-01 -9.274636144208324717e-01
3.456979143907221164e-01 -1.424869418108165586e-01 -9.274645132830182659e-01
3.493459551412086417e-01 -2.156344734441583699e-01 -9.118438339370054102e-01
3.688803271084155622e-01 -1.123073744056903300e-01 -9.226669810535589322e-01
2.780707850875706044e-01 -2.658863947683870016e-05 -9.605605851656762173e-01
2.393242145779126695e-01 -3.399301509354031858e-01 -9.094896441420864397e-01
2.768263006056435604e-01 -3.744149484879303880e-01 -8.849749406857655432e-01
8.076382564193046454e-02 -2.307836193375389089e-01 -9.696474233004209742e-01
6.158673691284432400e-02 -5.461544227951538044e-01 -8.354175125634608623e-01
1.549847658512345239e-01 -5.360559457500024827e-01 -8.298335648671415488e-01
-1.976082391147465089e-01 -4.649404403594777357e-01 -8.630071672658947701e-01
-1.518659064378737877e-01 -6.574139659213156239e-01 -7.380674927629654603e-01
1.631833329802935550e-02 -6.180584230228229892e-01 -7.859627839337659516e-01
-3.974879601859120370e-01 -5.807883603836022646e-01 -7.104141059622688381e-01
-3.402832337441384358e-01 -6.237490852795465335e-01 -7.036649767080644935e-01
-4.443160773967628208e-01 -5.648274345839163768e-01 -6.953798907849617628e-01
-9.599753367012029415e-01 -1.334812904458556881e-01 -2.462317973502230750e-01
-9.629598709356914643e-01 -8.687070292628053247e-02 -2.552680315680171397e-01
-9.704712857347069788e-01 -6.889257683781594744e-06 -2.412166733809301966e-01
-9.682864402089551570e-01 -6.546308232741651634e-02 -2.411139866529176390e-01
-9.343927837661955005e-01 -2.355965924784509391e-01 -2.672159637038972746e-01
-9.362791664521373791e-01 -2.044910456659304598e-01 -2.855954038673333417e-01
-9.578147878114352531e-01 4.905004530476991787e-05 -2.873862032941529865e-01
-9.629536631345513298e-01 8.690720961620732044e-02 -2.552790229777476827e-01
-9.273155758966915574e-01 -1.371516817877442840e-01 -3.482459459666123469e-01
-9.273538255454109036e-01 1.370909317800292071e-01 -3.481680035126361594e-01
-9.363066315965454800e-01 2.043900184772497464e-01 -2.855776811573348950e-01
-8.769315234852886887e-01 -9.757382284378872059e-05 -4.806153280921444115e-01
-8.334658367302970605e-01 3.338245378115350381e-01 -4.403360954525317728e-01
-8.751117360747138196e-01 3.589579219148608669e-01 -3.245437715915455157e-01
-7.083953099705412315e-01 2.211898058550224311e-01 -6.702620044412171962e-01
-6.231432671836260040e-01 5.636567277968211886e-01 -5.422025099288052541e-01
-7.494837833658839488e-01 5.384817627976259402e-01 -3.851122558500598703e-01
-3.971400438584112846e-01 4.535537207937518911e-01 -7.978526229312543627e-01
-3.521076198868336449e-01 6.982057455586221373e-01 -6.233209132433769062e-01
-5.587294601115068149e-01 6.651701677136518942e-01 -4.953484010141716576e-01
-1.363276925011605578e-01 5.750181169114930713e-01 -8.067025012238834281e-01
-1.814747649150467712e-01 6.533020026284025450e-01 -7.350261240668575224e-01
-5.703032651797715347e-02 5.696726004662393539e-01 -8.198906452297680669e-01
-5.914729914366693986e-02 5.248820131828191293e-01 -8.491174649252954953e-01
-4.130368161429935348e-01 5.288836031839040386e-01 -7.414059096026074380e-01
-5.098465854836707889e-01 4.700618689931195249e-01 -7.204847663825635351e-01
-4.443080803001494550e-01 5.648308971664474099e-01 -6.953821879989032784e-01
-5.137102177829279137e-01 3.474261411042953163e-01 -7.844723631988541612e-01
-4.369627335829893156e-01 2.052442704132384221e-01 -8.757501692390466941e-01
-2.142732146943426286e-01 4.092427376049088966e-05 -9.767737648963324970e-01
-5.986581450109815239e-02 -1.914995784172733584e-01 -9.796652467655095897e-01
-7.611168293862703021e-03 -3.491209891150486855e-01 -9.370467464734790752e-01
3.025740799564462236e-03 -4.693626670282883273e-01 -8.830003010716961365e-01
-5.707282429440078964e-02 -5.697487603861853822e-01 -8.198347655262403499e-01
-1.814255686308995363e-01 -6.532815110716069240e-01 -7.350564810536347471e-01
-5.918772708853572984e-02 -5.249246543626674422e-01 -8.490882876381743438e-01
-7.029041080870943037e-02 -4.929393840249071679e-01 -8.672197079318988422e-01
-1.234791553770002576e-01 -4.381636990241792873e-01 -8.903737816472534483e-01
-2.378403184515126834e-01 -3.391044937960281946e-01 -9.101868627958891178e-01
-4.369978101441980289e-01 -2.052157499952979580e-01 -8.757393504251381744e-01
-6.275469866096452520e-01 1.197817218711495164e-05 -7.785786918826361758e-01
-6.547929780087948792e-01 1.926721698318009657e-01 -7.308375954496865168e-01
-5.825556810041451206e-01 3.948291623399644568e-01 -7.104497245377175974e-01
-3.974944995977146567e-01 5.807661648664492748e-01 -7.104285921441215734e-01
-3.402738288074631523e-01 6.237531804141841496e-01 -7.036658946914362556e-01
-1.518460021901848755e-01 6.574101878847187219e-01 -7.380749531614233527e-01
1.633471276521544779e-02 6.180515100667591799e-01 -7.859678797909470660e-01
6.162120747060866738e-02 5.461384245396014858e-01 -8.354254293659406638e-01
1.550159486994152624e-01 5.360373042572806890e-01 -8.298397821829269771e-01
-1.975959893191532868e-01 4.649149900166229532e-01 -8.630236827937158850e-01
-4.997329200018251205e-01 2.361431457018621227e-01 -8.333687199580258609e-01
-6.443633782559073930e-01 1.085339053717705615e-05 -7.647194496315877776e-01
-6.548157513904524496e-01 -1.926608585399095797e-01 -7.308201730368574234e-01
-5.137386798761596207e-01 -3.474497669458236349e-01 -7.844432600567066149e-01
-3.373670276851419847e-01 -4.286318546403057872e-01 -8.381278075678580963e-01
-2.147982104922740165e-01 -4.853656405922491812e-01 -8.475151465913706161e-01
-1.348165232859302454e-01 -4.949518194888307132e-01 -8.583980437033802424e-01
2.393158932886229606e-01 3.399563302691457345e-01 -9.094820486020621653e-01
2.768351215532338649e-01 3.744347007829723628e-01 -8.849638243025373940e-01
8.071585380279147626e-02 2.307973647457464972e-01 -9.696481461701997873e-01
-2.410167827227697457e-01 3.980421619097483123e-05 -9.705209471523988940e-01
-4.997797674884218999e-01 -2.360932610477083637e-01 -8.333547600494507490e-01
-5.825808202648284917e-01 -3.948063724341850378e-01 -7.104417753376551792e-01
-5.098828661472305512e-01 -4.700420141454167422e-01 -7.204720450840582657e-01
-3.850731769173967867e-01 -4.958456657419675340e-01 -7.783673452706300067e-01
-2.910383446201820767e-01 -5.030982619825713487e-01 -8.137498514598082711e-01
-4.130153440576924684e-01 -5.288681057687295572e-01 -7.414289259757147477e-01
-8.241497039126740587e-01 4.531687015957875930e-01 -3.397284112856023830e-01
-8.867781411726165519e-01 3.559200333805198069e-01 -2.948651525305228671e-01
-9.344188644974378288e-01 2.355123834260137439e-01 -2.671989949912185192e-01
-9.599692213059289880e-01 1.335122703982029868e-01 -2.462388429927451217e-01
-9.682865797599835567e-01 6.545512729045432909e-02 -2.411155859087160680e-01
