-5.160042993608966455e-01 -5.245309105479384337e-01 6.772052029634886283e-01
-4.803577106749700731e-01 -5.655997759852013917e-01 6.703382453661664853e-01
-5.260430704762399934e-01 -4.984451002765742933e-01 6.890799445740710683e-01
-5.544270770157379014e-01 -4.659780718152850554e-01 6.895469910449132378e-01
-4.853102556686608726e-01 -5.606663174746170375e-01 6.709152228055867973e-01
-4.315770486553574536e-01 -6.231330023480997626e-01 6.522626100418246198e-01
-3.797829264029643492e-01 -5.978094726588726315e-01 7.059665453915775490e-01
-4.228381121366514006e-01 -5.167269669756711092e-01 7.444468903319005904e-01
-3.286173392977101426e-01 -6.735728006212421404e-01 6.620500937060196378e-01
-2.678679578370702363e-01 -5.730521359883662402e-01 7.745050074746889779e-01
-3.243956502530980779e-01 -4.720302465728187236e-01 8.197285577660898825e-01
-2.013239899153944912e-01 -6.715191775236227789e-01 7.131133467426777894e-01
-1.185912146142799745e-01 -5.186787010525202302e-01 8.467045109663583480e-01
-1.855689017460851464e-01 -4.097627973336250840e-01 8.931173677776471642e-01
-3.582835865703791478e-02 -6.320187417630026561e-01 7.741244336514957469e-01
2.700128931508476507e-02 -4.200396942278850632e-01 9.071039552599620137e-01
-3.714189363289945728e-02 -2.971441564316618100e-01 9.541099674753833471e-01
1.182296311660619437e-01 -5.483154014182785030e-01 8.278719556077773767e-01
1.568703857164381876e-01 -2.937927279284256454e-01 9.429090704312637072e-01
1.012737453156928036e-01 -1.606145375071310610e-01 9.818078217508250383e-01
2.582000371678672135e-01 -4.398371562555279390e-01 8.601604599047556476e-01
2.619404743955432990e-01 -1.549310247141875430e-01 9.525668299150727991e-01
1.761497098119854665e-01 2.842300968777463385e-04 9.843633470149141251e-01
3.867349397963115165e-01 -3.126800294033670324e-01 8.675639950764733044e-01
3.947939045942353009e-01 1.784281712261455601e-05 9.187697059529505994e-01
2.617393247401851863e-01 1.552689882689101963e-01 9.525670932624635823e-01
5.360599549010782727e-01 -1.618214969321807584e-01 8.285249108397876316e-01
5.360438497844114414e-01 1.618766646432701073e-01 8.285245539827262862e-01
3.864800481153323752e-01 3.129963463303512827e-01 8.675635190535739838e-01
6.717452711618548955e-01 1.994398315597706940e-05 7.407822151441825209e-01
6.676667908346176628e-01 3.229477321892546549e-01 6.707650994874581052e-01
5.230393797370844755e-01 4.680222594634192990e-01 7.123096039581381378e-01
7.869915417044881512e-01 1.675606983528861449e-01 5.937741369014682968e-01
7.662116917049249798e-01 4.327349923160468403e-01 4.750369142707851489e-01
6.378020966501019018e-01 5.657647655061770475e-01 5.226076115217548335e-01
8.626994736992028567e-01 2.946386207686924608e-01 4.110203172966507834e-01
8.053654709712263493e-01 4.603754346586880208e-01 3.734178856591087170e-01
6.949931866856440266e-01 5.790735097879338156e-01 4.262139612007277978e-01
8.843407260568953987e-01 3.422971951096553389e-01 3.174493825119593660e-01
-6.724671810660907134e-01 -2.501309495693369578e-01 6.965790683451279497e-01
-6.586855332347780756e-01 -2.430593410143425948e-01 7.120783138481961982e-01
-6.907671215582936730e-01 -1.586760419988775817e-01 7.054521227338114153e-01
-7.042472675621140876e-01 -1.792034313127770506e-01 6.869657315594568381e-01
-6.346764929972509295e-01 -3.253633603641608030e-01 7.009453851543987479e-01
-6.145450641011704906e-01 -3.359321640372773254e-01 7.137814408865779114e-01
-5.724966235633237588e-01 -1.916658627989226982e-01 7.971899479083635054e-01
-6.167701819612778635e-01 -9.633871478894447116e-02 7.812255722109110456e-01
-5.152119239509993509e-01 -3.141356157548740313e-01 7.974180135493639243e-01
-5.035712374856128326e-01 -1.044430923586622123e-01 8.576174259165739722e-01
-5.450643141065991681e-01 4.185714960557569242e-05 8.383942340781466163e-01
-4.440008712252213052e-01 -2.317426670821451651e-01 8.655394633434667639e-01
-4.527942225810658861e-01 -4.746420405715594314e-05 8.916150457144367270e-01
-5.036350388634128761e-01 1.044659657902306943e-01 8.575771741485218591e-01
-3.639346450262392896e-01 -1.330756513203210367e-01 9.218689956687428078e-01
-3.638980061376561603e-01 1.330070927154367588e-01 9.218933530601157722e-01
-4.440498634682762402e-01 2.317422502007528140e-01 8.655144413732760444e-01
-2.514778440411689631e-01 -2.704711963131712103e-05 9.678630549953122220e-01
-2.768930886130293589e-01 2.757692547774066028e-01 9.204789707526456199e-01
-3.876590994692737380e-01 3.582660840379619516e-01 8.493325824591753115e-01
-1.441667585644147431e-01 1.558050238864822912e-01 9.772106938919368213e-01
-1.853254770923163930e-01 4.099992531889511405e-01 8.930593932796428991e-01
-3.242788392563436539e-01 4.722638912088255592e-01 8.196401963488952891e-01
-3.701946625735678953e-02 2.973405813241025153e-01 9.540535298482279991e-01
-1.185418657408559007e-01 5.186761363535296043e-01 8.467129924856782175e-01
-2.678832140974212739e-01 5.730843055090650839e-01 7.744759275691063261e-01
2.696939678191493175e-02 4.200418274210715452e-01 9.071039162378167209e-01
-3.580010071070716809e-02 6.319949864782543614e-01 7.741451348781118735e-01
-2.013758459054340866e-01 6.715128026755532442e-01 7.131047079698012991e-01
1.182235816519970895e-01 5.483056439349545119e-01 8.278792820033892275e-01
8.391753144720942581e-02 7.533026228536702229e-01 6.522982495128942793e-01
-9.590450624581248196e-02 7.790420143061626002e-01 6.195933066355236996e-01
2.423492889523165550e-01 6.798214404425854118e-01 6.921774564798229834e-01
1.957025617317241506e-01 8.224568692535736414e-01 5.341022425989722100e-01
2.431686821494338444e-02 8.419992317229276768e-01 5.389304071011545849e-01
3.545450463678525010e-01 7.589957206831123848e-01 5.460982568006786941e-01
2.675823251999537300e-01 8.291757245209605554e-01 4.907823520724097777e-01
1.431709614165481981e-01 8.441546402784316783e-01 5.166285117020268380e-01
4.211233452501618735e-01 7.676930726617862133e-01 4.830139483207686046e-01
-7.541737291525606457e-01 2.780513108568015642e-06 6.566749471758371870e-01
-7.531927425129679721e-01 -4.887209517931769692e-02 6.559818678428352978e-01
-7.529575864539544972e-01 1.265999526535843469e-05 6.580690486880221846e-01
-7.531976267881823617e-01 4.889130729999935365e-02 6.559748280773762819e-01
-7.357571304814934932e-01 -1.080280235063481864e-01 6.685741477823882173e-01
-7.313995317495178838e-01 -7.637551869366894508e-02 6.776588412327080313e-01
-5.943333084336571703e-01 -3.992793053117559832e-01 6.981002469818087253e-01
-5.711512392447406494e-01 -4.225721365446578615e-01 7.037180197531370807e-01
-4.853304401106766086e-01 5.606723629823898714e-01 6.708955695856986257e-01
-5.160105179972053202e-01 5.245519006085319624e-01 6.771842060209534164e-01
-4.803554533385389069e-01 5.656281905260698295e-01 6.703158871234727867e-01
-4.315915278132497201e-01 6.231347038936121407e-01 6.522514039258511254e-01
-5.543622953149550669e-01 4.661131451056095276e-01 6.895077820393984425e-01
-5.259526640065216307e-01 4.986149065121276425e-01 6.890261027191535437e-01
-5.943722551460726145e-01 3.992685366263122870e-01 6.980732468536918756e-01
-5.711675452975215617e-01 4.225771011390175302e-01 7.037018038855301638e-01
-6.347305379785507240e-01 3.253357802598065285e-01 7.009092482199129615e-01
-6.145761053659922757e-01 3.358959884280777186e-01 7.137717391933439126e-01
-6.724982923837172777e-01 2.501298567995420274e-01 6.965494250076026406e-01
-6.586834052767961412e-01 2.430496288661277704e-01 7.120835972840551253e-01
-7.042529343178064449e-01 1.792361692857530886e-01 6.869513811941306836e-01
-6.907424516925049218e-01 1.587266119636329686e-01 7.054649020924941283e-01
-7.357765989610123292e-01 1.080275596581915520e-01 6.685527972985068068e-01
-7.314121252623552172e-01 7.637638252437020658e-02 6.776451513968757556e-01
1.432244917192497524e-01 -8.441345701207947361e-01 5.166464676146932389e-01
2.675781858087828424e-01 -8.291793268768333780e-01 4.907785227160658126e-01
1.955833980743953426e-01 -8.224520727193946890e-01 5.341532762019171043e-01
2.430143966256211388e-02 -8.419613506256860003e-01 5.389902819930030287e-01
4.211050311211630981e-01 -7.677187442391836258e-01 4.829891122046685026e-01
3.544320768986557457e-01 -7.590091934038349919e-01 5.461528606477901171e-01
5.696270573168880080e-01 -6.803069827581814666e-01 4.612021517544818150e-01
5.045146495465329117e-01 -6.713264434255987734e-01 5.429417784168717453e-01
6.952506898103534283e-01 -5.788390728749814862e-01 4.261124335565175669e-01
6.380766732283390530e-01 -5.654224599545660812e-01 5.226428999429553190e-01
8.053925825639409730e-01 -4.603135911430153437e-01 3.734356514314109976e-01
7.662050288400842346e-01 -4.326375701346132918e-01 4.751363874596269410e-01
8.843452884449326534e-01 -3.422541433379960307e-01 3.174830895862404412e-01
8.626773257772130110e-01 -2.945477420475788310e-01 4.111319243801712653e-01
9.445744779372639011e-01 -2.093383751170035112e-01 2.528962244338876508e-01
9.370750698308976112e-01 -1.380657644987985655e-01 3.206682992981663705e-01
9.748345312949852071e-01 -9.202549994962692936e-02 2.030491170970888937e-01
9.730219372753674545e-01 1.147948821670925751e-04 2.307125839719775806e-01
9.797677916438694012e-01 1.473031977099313825e-05 2.001376382400678611e-01
9.748235500993512881e-01 9.212844515568222037e-02 2.030551544898437089e-01
9.445698687024638440e-01 2.093842524296684049e-01 2.528754594140749656e-01
9.370904156291059994e-01 1.381725880631563541e-01 3.205774303409366088e-01
5.695934420533643738e-01 6.803138624823111824e-01 4.612335192548356333e-01
5.045503667716159102e-01 6.713688634000859468e-01 5.428561288661161166e-01
-9.581261063460326521e-02 -7.790568368804443589e-01 6.195888867250732845e-01
-2.448731501555578005e-01 -7.556583484886030266e-01 6.074681890373940796e-01
-1.306843718705899826e-01 -8.045022708382805199e-01 5.793942450221946094e-01
8.388722952792013188e-02 -7.533302501840282162e-01 6.522702406823409627e-01
-3.876641766148867796e-01 -3.582164769635266532e-01 8.493511887325139176e-01
-4.686660652299307617e-01 -4.216713825908670055e-01 7.762379560455664462e-01
-2.770084605432002189e-01 -2.757914142495027088e-01 9.204376179914338651e-01
-6.167021638439824649e-01 9.639302055108532608e-02 7.812725687614936465e-01
-6.826591485776658530e-01 -2.234357043717282866e-05 7.307369474468760062e-01
-5.724745567005745661e-01 1.916231120893425732e-01 7.972160716165194172e-01
2.423224955799490044e-01 -6.798467085310114788e-01 6.921620193534568921e-01
3.873822289364655669e-01 -5.846125314053107758e-01 7.128556633906275586e-01
5.233654366679479919e-01 -4.677242468720086421e-01 7.122658552741242266e-01
6.677291255865840380e-01 -3.229052155093449228e-01 6.707235172858028172e-01
7.870115756895181836e-01 -1.675323835265111194e-01 5.937555727743731859e-01
8.837861252492752451e-01 1.952776594493564166e-05 4.678911031805767506e-01
-3.572464989556676795e-01 -6.834441977751511965e-01 6.366152429147426961e-01
-5.152207005993916233e-01 3.140464945834233745e-01 7.974474458631959362e-01
-4.686213616499793067e-01 4.216500346130638843e-01 7.762765407482830060e-01
-4.226962792980345496e-01 5.169264151261971918e-01 7.443889687605370620e-01
-3.797406414081255788e-01 5.978361796052412691e-01 7.059666759967875294e-01
-3.285876354399160371e-01 6.735798774390108212e-01 6.620576368755590746e-01
-2.448613977581142742e-01 7.556582811425009982e-01 6.074730101236613944e-01
-1.306244977174174926e-01 8.045414016740844998e-01 5.793534099221029354e-01
3.873499089863677303e-01 5.846489945680516387e-01 7.128433216063780886e-01
-3.572636240494704296e-01 6.834311999968541995e-01 6.366195864108313840e-01
2.581759062311826947e-01 4.398882400199429221e-01 8.601415800517162591e-01
1.568151414339823968e-01 2.938407981395227964e-01 9.429032807058034260e-01
1.013222046082492694e-01 1.609119167039880505e-01 9.817541270175400570e-01
4.260822394332316851e-15 -4.791717511056243085e-15 1.000000000000000000e+00
-1.442128826374316497e-01 -1.558094126423995307e-01 9.772031883970865307e-01
