2.820120588925620582e-13 -6.324961639157995768e-13 1.000000000000000000e+00
4.568678876061867296e-13 -6.263207597107476176e-13 9.999999999999998890e-01
7.635471644998666412e-14 -6.654459257803103368e-13 9.999999999999998890e-01
-2.407509519036945877e-13 -6.543573433742400115e-13 1.000000000000000000e+00
-6.369100688329275813e-13 -6.199604544383825484e-13 1.000000000000000000e+00
-1.704318486128824529e-13 -6.296275853326053796e-13 1.000000000000000000e+00
1.206700529812302113e-14 -6.679801461502851046e-13 1.000000000000000000e+00
-1.275938620836313865e-13 -6.838013049141459432e-13 1.000000000000000000e+00
-1.600431684365928367e-13 -6.637408993335162574e-13 9.999999999999997780e-01
-2.122737958341217987e-13 -6.654249747172834094e-13 9.999999999999998890e-01
2.373466975415416782e-13 -6.342732614291799090e-13 1.000000000000000000e+00
1.969508933620296693e-13 -6.366650542452056329e-13 9.999999999999998890e-01
1.504744456989326707e-13 -6.367067567997558933e-13 1.000000000000000000e+00
1.539460725318369873e-13 -6.313390688459005267e-13 9.999999999999998890e-01
1.476684866381118501e-14 -6.328237265606284473e-13 1.000000000000000000e+00
-1.038065677411609297e-13 -6.317284472119039257e-13 1.000000000000000000e+00
2.977213040446629923e-13 -6.319346686261975412e-13 1.000000000000000000e+00
2.599487505913526048e-13 -6.332417591904794936e-13 1.000000000000000000e+00
2.837792789322577128e-13 -6.324567077238347413e-13 1.000000000000000000e+00
3.329215033613887396e-13 -6.297534664691710344e-13 1.000000000000000000e+00
2.905685118199864935e-13 -6.322204225138681269e-13 1.000000000000000000e+00
3.589109383745895812e-13 -6.272754393928560361e-13 9.999999999999998890e-01
2.717701166284864338e-13 -6.339254258147508813e-13 9.999999999999998890e-01
4.239786670143280069e-13 -6.302216477268788565e-13 9.999999999999997780e-01
3.126512109352529989e-13 -6.372498315690995013e-13 1.000000000000000000e+00
4.465744342171950222e-13 -6.259684193966906546e-13 9.999999999999998890e-01
4.365433800562592355e-13 -6.296142269354181490e-13 1.000000000000000000e+00
4.660245391886256689e-13 -6.257721694604972634e-13 1.000000000000000000e+00
3.236363445707924619e-13 -6.374840894727245471e-13 9.999999999999998890e-01
3.550778871018455482e-13 -6.324520289903664842e-13 1.000000000000000000e+00
2.837234554921918939e-13 -6.341127524637622844e-13 1.000000000000000000e+00
3.232902960420172067e-13 -6.342518883704024430e-13 9.999999999999996669e-01
2.867375710441072325e-13 -6.301788455413230138e-13 1.000000000000000000e+00
2.216306291090955679e-13 -6.427611230169629436e-13 9.999999999999997780e-01
2.534549951714508636e-13 -6.396622023754043065e-13 1.000000000000000000e+00
2.466509216042689364e-13 -6.415594068553230429e-13 1.000000000000000000e+00
2.545764425829467354e-13 -6.413568311018222800e-13 1.000000000000000000e+00
2.501260614500126697e-13 -6.422673852399063425e-13 9.999999999999998890e-01
2.462543796164510113e-13 -6.425153702937721905e-13 1.000000000000000000e+00
2.361524156336738243e-13 -6.435853173794452416e-13 1.000000000000000000e+00
2.397064700648069932e-13 -6.420321293107157062e-13 9.999999999999998890e-01
2.111886512283537282e-13 -6.448794582214750935e-13 9.999999999999997780e-01
2.174837474638766538e-13 -6.456172722884168022e-13 1.000000000000000000e+00
2.149992538719335067e-13 -6.468612463131878996e-13 1.000000000000000000e+00
2.083552645510875021e-13 -6.484884582948246175e-13 9.999999999999998890e-01
1.946901569765993989e-13 -6.500992988881923411e-13 9.999999999999998890e-01
1.790271772589779033e-13 -6.511864011237511325e-13 1.000000000000000000e+00
1.619457805925929017e-13 -6.504224570068037927e-13 1.000000000000000000e+00
1.774856480153742149e-13 -6.459545295691009181e-13 9.999999999999995559e-01
1.327766032987316563e-13 -6.449170371584471578e-13 9.999999999999997780e-01
1.249799563722949110e-13 -6.476679683287485236e-13 1.000000000000000000e+00
7.139561889762139554e-14 -6.612200557941030363e-13 9.999999999999998890e-01
5.331542240695737852e-14 -6.622628662823705762e-13 1.000000000000000000e+00
7.642400280266401766e-14 -6.703247587583453717e-13 1.000000000000000000e+00
-2.543320400422554028e-13 -6.570001155694350043e-13 9.999999999999997780e-01
-2.647778686661323881e-13 -6.494825582743700957e-13 1.000000000000000000e+00
-2.310093412864037175e-13 -6.549416894416309937e-13 1.000000000000000000e+00
-3.138589128217949332e-13 -6.558070587574513383e-13 9.999999999999996669e-01
-2.546187148560340358e-13 -6.532455707517252170e-13 1.000000000000000000e+00
-2.760949379719208886e-13 -6.594265174023539109e-13 1.000000000000000000e+00
-2.365327317542295047e-13 -6.518892424662476272e-13 1.000000000000000000e+00
-2.649316103161209383e-13 -6.642234053699711275e-13 1.000000000000000000e+00
-2.998096142179723839e-13 -6.492675015709068498e-13 1.000000000000000000e+00
-3.580243012045525163e-13 -6.455080432228050645e-13 1.000000000000000000e+00
-2.863261667123587133e-13 -6.400607838868432282e-13 9.999999999999998890e-01
-4.254022837186132420e-13 -6.259264643923169315e-13 9.999999999999998890e-01
-3.502786469276022794e-13 -6.289789032780856502e-13 1.000000000000000000e+00
-4.874187520307966043e-13 -6.299146317741969724e-13 1.000000000000000000e+00
-3.799166354352231362e-13 -6.348700557505689369e-13 1.000000000000000000e+00
-5.195421042042409103e-13 -6.172409953713216316e-13 1.000000000000000000e+00
-3.524867588584336772e-13 -6.224064596333831185e-13 1.000000000000000000e+00
-3.476959669760454100e-13 -6.269901859362109568e-13 1.000000000000000000e+00
-3.139753675695281379e-13 -6.321536834627724510e-13 9.999999999999997780e-01
-3.460646210041495462e-13 -6.254569965459938851e-13 1.000000000000000000e+00
-3.234072468411152392e-13 -6.276486304623738818e-13 1.000000000000000000e+00
-3.261997490913895757e-13 -6.272177302752092799e-13 1.000000000000000000e+00
-3.040083833653569056e-13 -6.285289357123468195e-13 9.999999999999997780e-01
-3.005769828643502422e-13 -6.284999152019933951e-13 9.999999999999998890e-01
-2.759046011768373856e-13 -6.303575235145439032e-13 1.000000000000000000e+00
-2.750288311057469736e-13 -6.296232043349069727e-13 1.000000000000000000e+00
-2.550502141000881302e-13 -6.314202605268623293e-13 9.999999999999998890e-01
-2.607065323307332542e-13 -6.293704792350815786e-13 9.999999999999997780e-01
-2.584789699942431545e-13 -6.286271615204317524e-13 9.999999999999998890e-01
-2.333055022173665526e-13 -6.295816758910858551e-13 9.999999999999998890e-01
-1.980433428949002433e-13 -6.314868175193105968e-13 1.000000000000000000e+00
-2.001335605985637156e-13 -6.303918105768367201e-13 1.000000000000000000e+00
-1.866104154452757886e-13 -6.317398615885337154e-13 9.999999999999998890e-01
-1.885803873853516632e-13 -6.303838706289594392e-13 1.000000000000000000e+00
-1.817694039141954335e-13 -6.307968920797275865e-13 1.000000000000000000e+00
-1.820161591278212221e-13 -6.297399806822886284e-13 1.000000000000000000e+00
-1.725395964324567915e-13 -6.296838287593103941e-13 1.000000000000000000e+00
-1.439785556077046123e-13 -6.304293342340097203e-13 9.999999999999998890e-01
-2.500710298471034010e-13 -6.338232915986987152e-13 1.000000000000000000e+00
-2.230895714109557071e-13 -6.348682499240052040e-13 1.000000000000000000e+00
-2.741176336016572079e-13 -6.319486595816228728e-13 1.000000000000000000e+00
-2.248551180361138463e-13 -6.322122510553756061e-13 1.000000000000000000e+00
-3.146924080177339624e-13 -6.298119893991634245e-13 1.000000000000000000e+00
-2.654270730051593791e-13 -6.362981298348808312e-13 1.000000000000000000e+00
-2.117741869268391717e-13 -6.355059311613204819e-13 1.000000000000000000e+00
-2.398977243334782360e-13 -6.381784276209071422e-13 1.000000000000000000e+00
-2.172009407803388152e-13 -6.427922734841967086e-13 1.000000000000000000e+00
-1.605610584579815903e-13 -6.410250137625200483e-13 9.999999999999998890e-01
-2.605104212121847885e-13 -6.431274843819743573e-13 9.999999999999998890e-01
-1.696340266562755507e-13 -6.481875201306895182e-13 1.000000000000000000e+00
-1.651740915999852072e-13 -6.426746122204627978e-13 1.000000000000000000e+00
-2.147964457757773315e-13 -6.484095499482622392e-13 1.000000000000000000e+00
-1.678917479326079717e-13 -6.480481438265980042e-13 1.000000000000000000e+00
-1.382716716998668017e-13 -6.457857462699603831e-13 1.000000000000000000e+00
-1.796417262311319636e-13 -6.502449952749439301e-13 9.999999999999998890e-01
-1.962526254582022939e-13 -6.514348383433083602e-13 9.999999999999998890e-01
-1.265714500337365530e-13 -6.384696062835746063e-13 9.999999999999997780e-01
-1.774489543640796946e-13 -6.510760005990519360e-13 1.000000000000000000e+00
-1.392599509685186381e-13 -6.540577199053623373e-13 9.999999999999997780e-01
-2.996125392556829851e-14 -6.538554677445150248e-13 1.000000000000000000e+00
-1.791655802973573151e-13 -6.546658877259762369e-13 1.000000000000000000e+00
-1.410420768601508864e-13 -6.594667105402292298e-13 9.999999999999998890e-01
-1.193126430386067004e-14 -6.454814711156545930e-13 1.000000000000000000e+00
-1.617855126484822468e-13 -6.539644941600457499e-13 1.000000000000000000e+00
-9.516003235338041789e-14 -6.699858363908724483e-13 9.999999999999998890e-01
6.927279637040954277e-14 -6.560013812158158134e-13 1.000000000000000000e+00
-1.318667295063873083e-13 -6.570103945566939272e-13 1.000000000000000000e+00
-5.173291720654326300e-14 -6.667261910123203038e-13 1.000000000000000000e+00
-1.974253224822392991e-13 -6.580426677967366621e-13 9.999999999999998890e-01
2.689503451829328237e-14 -6.766796966486992850e-13 1.000000000000000000e+00
1.034747007130188074e-13 -6.621472345039580630e-13 9.999999999999997780e-01
5.172383174772751170e-14 -6.318398663539260404e-13 1.000000000000000000e+00
2.440260064284157374e-13 -6.359143778819294292e-13 1.000000000000000000e+00
2.670181517456615372e-13 -6.343147073936626622e-13 1.000000000000000000e+00
2.512492652142125303e-13 -6.405704053085154851e-13 1.000000000000000000e+00
2.539029421493891988e-13 -6.410868970821450021e-13 1.000000000000000000e+00
2.556893169316968226e-13 -6.400182019039331917e-13 9.999999999999998890e-01
2.175803189816322053e-13 -6.419674712460345558e-13 1.000000000000000000e+00
1.901827791325385419e-13 -6.445630277730666210e-13 1.000000000000000000e+00
1.819117212731924686e-13 -6.492596734417800594e-13 1.000000000000000000e+00
1.578995612808522898e-13 -6.468913771489657230e-13 1.000000000000000000e+00
1.044025965404979967e-13 -6.372886563363448882e-13 1.000000000000000000e+00
8.891674156587964009e-14 -6.213681118230816407e-13 1.000000000000000000e+00
-1.754948240280268343e-13 -6.599160447049017798e-13 9.999999999999998890e-01
-1.867858624093834740e-13 -6.573419909067021960e-13 1.000000000000000000e+00
-1.371035088825401102e-13 -6.678883339577947593e-13 9.999999999999996669e-01
-1.723060027489610277e-13 -6.519692448338565796e-13 1.000000000000000000e+00
-2.136337825632427308e-13 -6.492524833524733001e-13 1.000000000000000000e+00
-2.502193132918665284e-13 -6.470142364120429336e-13 1.000000000000000000e+00
-2.718718274136436835e-13 -6.419555800226021004e-13 1.000000000000000000e+00
-2.724265122365619960e-13 -6.396400707544169801e-13 1.000000000000000000e+00
2.473834935378665930e-13 -6.373741500768073468e-13 9.999999999999998890e-01
2.944539001792535345e-13 -6.330239835022188757e-13 9.999999999999998890e-01
2.497838900293268605e-13 -6.390949893326604579e-13 9.999999999999998890e-01
2.713782104195908064e-13 -6.378662776854485812e-13 9.999999999999998890e-01
2.250752681417230444e-13 -6.406735611452296907e-13 1.000000000000000000e+00
1.826803379697451142e-13 -6.425244322050959416e-13 1.000000000000000000e+00
2.025290312295698581e-13 -6.426894925894124594e-13 9.999999999999998890e-01
1.791092472447393846e-13 -6.495327785745758419e-13 1.000000000000000000e+00
1.032985967976547221e-13 -6.433108414521806053e-13 9.999999999999998890e-01
6.488788612430706425e-14 -6.325737218447011046e-13 1.000000000000000000e+00
3.308607805184254416e-14 -6.202944546218129253e-13 1.000000000000000000e+00
-3.099464537595824609e-13 -6.423258216027709040e-13 1.000000000000000000e+00
-2.582627004337733777e-13 -6.484944778993238401e-13 9.999999999999998890e-01
-2.677314513686095420e-13 -6.470332659736486386e-13 1.000000000000000000e+00
-2.312169106881641478e-13 -6.473608136507785197e-13 1.000000000000000000e+00
-2.339529835419320202e-13 -6.456349602528407618e-13 1.000000000000000000e+00
-1.887963364987085914e-13 -6.534900985818953029e-13 1.000000000000000000e+00
2.779792383544734904e-13 -6.352966816344692793e-13 9.999999999999997780e-01
2.636261911576047344e-13 -6.332076767239341179e-13 9.999999999999998890e-01
2.580717116518211057e-13 -6.374367887996547497e-13 1.000000000000000000e+00
2.358326550672197578e-13 -6.378600277890874123e-13 1.000000000000000000e+00
1.863905267150486117e-13 -6.400561402664616277e-13 1.000000000000000000e+00
1.762681355372405337e-13 -6.413267196200053632e-13 9.999999999999998890e-01
1.433154370807058945e-13 -6.469260379398451983e-13 1.000000000000000000e+00
1.406460179194588757e-13 -6.459758061177354583e-13 1.000000000000000000e+00
1.286881330680709278e-13 -6.350552961018682828e-13 1.000000000000000000e+00
6.457863121289056279e-14 -6.331256630918963671e-13 9.999999999999998890e-01
-8.704663682516714162e-14 -6.321155458077205117e-13 1.000000000000000000e+00
2.218428354951950691e-13 -6.350576791465998580e-13 1.000000000000000000e+00
2.316133034957638661e-13 -6.347598798250666331e-13 1.000000000000000000e+00
2.005130476342156515e-13 -6.376142788305073044e-13 1.000000000000000000e+00
1.898641764568763701e-13 -6.393839456180699830e-13 9.999999999999998890e-01
1.728997502716607317e-13 -6.406224178353883893e-13 1.000000000000000000e+00
1.492050691518467126e-13 -6.412679170117897653e-13 1.000000000000000000e+00
1.094037921114011243e-13 -6.416225334443123501e-13 1.000000000000000000e+00
7.995688265933989107e-14 -6.328918025052449963e-13 9.999999999999998890e-01
-1.074428798029443727e-14 -6.201244400293028585e-13 1.000000000000000000e+00
-8.757787176242953598e-14 -6.224565409355284462e-13 1.000000000000000000e+00
-6.971326981279813708e-14 -6.247142827826153430e-13 9.999999999999998890e-01
2.185969606437398464e-13 -6.376748588291419044e-13 9.999999999999998890e-01
2.260225316696092290e-13 -6.349849185223778067e-13 1.000000000000000000e+00
1.812642892848544479e-13 -6.387448007531123106e-13 1.000000000000000000e+00
1.709568992976226235e-13 -6.392939178368842233e-13 1.000000000000000000e+00
1.524115853235081111e-13 -6.402144889860168649e-13 1.000000000000000000e+00
1.240359354332730807e-13 -6.394559298222776370e-13 1.000000000000000000e+00
8.082617051467056575e-14 -6.335245898121894645e-13 9.999999999999998890e-01
-4.062889237593344113e-14 -6.249301639256409761e-13 1.000000000000000000e+00
-5.226992749740876684e-14 -6.300493475117500978e-13 9.999999999999998890e-01
-9.907901670547638231e-14 -6.312689534186315445e-13 1.000000000000000000e+00
-1.412614642779248955e-13 -6.340109654082059716e-13 9.999999999999998890e-01
1.985537410967699574e-13 -6.370482850390142041e-13 1.000000000000000000e+00
1.790873440383872801e-13 -6.377632798459401513e-13 1.000000000000000000e+00
1.671589502310059040e-13 -6.385688255080026966e-13 1.000000000000000000e+00
1.507622419425309338e-13 -6.386094758079258855e-13 1.000000000000000000e+00
1.282175121478157482e-13 -6.392999692417005054e-13 9.999999999999997780e-01
1.170852101315110903e-13 -6.346780537616888184e-13 1.000000000000000000e+00
-5.611710837607241770e-15 -6.388886519398887307e-13 9.999999999999997780e-01
-2.737639773095917844e-14 -6.344584704253333931e-13 1.000000000000000000e+00
-2.069719766368285943e-14 -6.275650958642448840e-13 1.000000000000000000e+00
-1.114322295149235231e-13 -6.360012548515931490e-13 9.999999999999998890e-01
-1.636076370562602589e-13 -6.386135588283559726e-13 1.000000000000000000e+00
1.380322270190572414e-13 -6.381053234685576135e-13 9.999999999999997780e-01
1.330277919469599041e-13 -6.374386935699468643e-13 1.000000000000000000e+00
1.841038999924927177e-13 -6.360796237615028559e-13 9.999999999999998890e-01
8.132210524604119194e-14 -6.363266772749027652e-13 1.000000000000000000e+00
-1.268398724980167972e-14 -6.329586286002879398e-13 1.000000000000000000e+00
-1.071358220348094589e-13 -6.332909156044712836e-13 9.999999999999998890e-01
-7.877734184104483556e-14 -6.334314318440244050e-13 1.000000000000000000e+00
-1.147506783174472030e-13 -6.260191782392932198e-13 1.000000000000000000e+00
-1.980248373878580217e-13 -6.275502006230606709e-13 1.000000000000000000e+00
-1.703742992692344654e-13 -6.384762393069818750e-13 1.000000000000000000e+00
9.847054397604394672e-14 -6.380168314088794944e-13 1.000000000000000000e+00
-9.401554158429583768e-15 -6.368833838930484902e-13 1.000000000000000000e+00
9.673378593176031781e-15 -6.328561963065793122e-13 9.999999999999998890e-01
-7.913501776563486994e-14 -6.350236175531896343e-13 1.000000000000000000e+00
-8.935440565940613090e-14 -6.357434821192506686e-13 1.000000000000000000e+00
-1.214007238400482289e-13 -6.340003211307167875e-13 1.000000000000000000e+00
-1.512675211708484721e-13 -6.309734737960630269e-13 1.000000000000000000e+00
-1.740697920709641060e-13 -6.349999637088765014e-13 9.999999999999998890e-01
-1.756866000577359222e-13 -6.349605660895378222e-13 1.000000000000000000e+00
-8.752778815963494144e-14 -6.356437595377819702e-13 9.999999999999998890e-01
-7.989561302889268704e-14 -6.344531206891750708e-13 9.999999999999998890e-01
-6.702389589694276353e-14 -6.328651873215090823e-13 1.000000000000000000e+00
-8.219016063784450134e-14 -6.309521035013758168e-13 9.999999999999997780e-01
-2.048666277953488226e-13 -6.222455468657754552e-13 9.999999999999998890e-01
-1.772769384037933216e-13 -6.316716067773682237e-13 1.000000000000000000e+00
-1.761601865452295657e-13 -6.347101565974745414e-13 1.000000000000000000e+00
-1.017557324216684803e-13 -6.323417749177708804e-13 1.000000000000000000e+00
-1.505311130910707841e-13 -6.292133966828495826e-13 9.999999999999997780e-01
-1.797254811296331789e-13 -6.294925520559331125e-13 1.000000000000000000e+00
-1.782858283092365894e-13 -6.322685202813509701e-13 1.000000000000000000e+00
-1.876048651421170202e-13 -6.333013397261196344e-13 1.000000000000000000e+00
