4.023461540047555407e-01 8.945918007439669362e-01 -1.944815734182749611e-01
4.221959954554889705e-01 8.858438302456205227e-01 -1.924350535560426234e-01
3.457865998117362616e-01 8.964674700862221846e-01 -2.770878966462562154e-01
3.119596594426736202e-01 9.353928166618645790e-01 -1.664975958318746785e-01
-2.820152444399590674e-01 5.848677947438795099e-01 -7.605242038060993082e-01
-3.226150072002805791e-01 4.212289960905563069e-01 -8.476353520127066776e-01
-4.473286870161213846e-01 5.563053929069288195e-01 -7.003009036086562666e-01
-3.117801854914569737e-01 7.226580373978865879e-01 -6.168942185813930390e-01
-2.439061730532550432e-01 6.419913598969873014e-01 -7.268816083545740492e-01
-1.617909190778842652e-06 8.081517707483069080e-01 -5.889742909786115366e-01
-2.416196484877147777e-01 8.880678537322111987e-01 -3.910951708115775194e-01
-3.536199104528691128e-01 7.551406372472959649e-01 -5.520104862310610816e-01
2.820435470860985783e-01 5.848645167055306349e-01 -7.605162290483336029e-01
-7.388907746421530254e-02 4.388018953906172581e-01 -8.955407868059884757e-01
-3.863126699726288082e-01 5.611303737534334424e-01 -7.320486491142176311e-01
-7.254312962537379228e-02 7.502640278665781981e-01 -6.571463937613709616e-01
2.014634144207846644e-01 -8.132878369221391290e-01 -5.458712182964285953e-01
-1.456549279483769826e-06 -8.146225719884921945e-01 -5.799914354580869569e-01
1.153086571857609294e-01 -5.587452738190645807e-01 -8.212841363151217600e-01
3.119621243048925074e-01 -7.336301015648323265e-01 -6.037106153424443011e-01
-3.410779657363681161e-01 9.148532975071005380e-01 -2.161232642024578654e-01
-4.538258329599337282e-01 7.953075554064965580e-01 -4.019054685514549807e-01
2.644218675128254814e-01 -4.872702066159187440e-01 -8.322552623597579968e-01
3.118062577552778714e-01 -3.274006445988334457e-01 -8.919560950747057460e-01
4.255326991819091687e-01 -4.712816835812019267e-01 -7.725383463931267958e-01
3.127520615766183898e-01 -6.187735429174687773e-01 -7.206285107910582743e-01
-2.766308977800049917e-01 9.356612013027778563e-01 -2.191197452765749620e-01
-3.127294950970864740e-01 8.926141266480090986e-01 -3.247156968868819549e-01
-4.079625740390753208e-01 8.828353523642522571e-01 -2.327407974535161406e-01
-3.390782733809062921e-01 9.254116662092406465e-01 -1.692311217384682986e-01
-2.875442456874218733e-01 2.427048599972865539e-01 -9.265056166617390287e-01
7.390468397269628342e-02 4.388017828501472595e-01 -8.955395541540462911e-01
4.023484586821650666e-01 -6.843492715029202422e-01 -6.080968610258634666e-01
3.457889298765838837e-01 -6.454846841356411957e-01 -6.810136111129635461e-01
4.221982928360809573e-01 -6.777281552293094036e-01 -6.020242097588566210e-01
2.416175424783536529e-01 8.880694964909507938e-01 -3.910927416470804108e-01
-4.072461620914751199e-06 9.849936640706467017e-01 -1.725905029950866865e-01
-4.165623307953176258e-01 7.126855173260969734e-01 -5.644069258575818981e-01
-4.255169542271476923e-01 7.895130403084871240e-01 -4.422719534947930353e-01
-2.820140689318377802e-01 -1.368903509024644027e-01 -9.495941747685212597e-01
-3.226144327119491173e-01 4.844058635829824599e-02 -9.452901339796219160e-01
7.390568671073538543e-02 5.661209837376831450e-02 -9.956570794151635706e-01
-2.643958344422452367e-01 8.327263484553076855e-01 -4.864788498155685481e-01
3.638057042483083120e-02 9.458491105170336866e-01 -3.225614890678991653e-01
-4.473276083686956173e-01 -1.415225125701766173e-01 -8.831021397477005763e-01
-4.165608962324310327e-01 -3.444435766128536303e-01 -8.413296870194104660e-01
-4.751061353788847974e-01 -1.637337555984961779e-01 -8.645608234259477554e-01
-4.304172457822253994e-01 3.352769608894921871e-02 -9.020071441669462731e-01
2.439089983541190276e-01 -2.031719066614622593e-01 -9.482771624717302172e-01
3.536246657769800406e-01 -3.875242092671747907e-01 -8.513369385771828446e-01
4.751183895983641658e-01 -1.637339662792494654e-01 -8.645540492947347833e-01
3.569972552437716273e-01 2.024225203562502254e-02 -9.338860803015213152e-01
-4.808371245786702830e-01 2.221893051377135386e-01 -8.481907641028262335e-01
-4.304178285563075024e-01 4.130057668651840874e-01 -8.025999809350697900e-01
-4.572386403444768099e-01 2.253656471913505488e-01 -8.603157274175322611e-01
-2.014672104075958814e-01 9.764612013480657993e-01 -7.703561119685811698e-02
-3.975544503810948985e-06 9.943537097322943108e-01 -1.061164451243023915e-01
-1.153082910799728134e-01 8.896387726046572908e-01 -4.418674600903477190e-01
-3.119630197393547522e-01 9.353914397730452857e-01 -1.664990351756203135e-01
-3.569898254798705706e-01 2.024230704776755138e-02 -9.338889192560513308e-01
2.644202017766487112e-01 8.327220902566556671e-01 -4.864728947135520953e-01
3.127500052248416429e-01 8.926087538906545271e-01 -3.247107123419769037e-01
4.255310588742118871e-01 7.895098607979663674e-01 -4.422640587207689045e-01
3.118048559898117245e-01 7.226537977124478651e-01 -6.168867160451334541e-01
-2.416175923281020932e-01 -5.822705408674972993e-01 -7.762615257214819930e-01
-3.536183580983059405e-01 -3.875233563909269430e-01 -8.513399468293314509e-01
-4.538240062975363309e-01 -4.961238988143421014e-01 -7.402059499445476920e-01
-3.410757272713113020e-01 -6.914000029138555048e-01 -6.368935423106963922e-01
4.473474040558778619e-01 -1.415224634115530566e-01 -8.830921200160222195e-01
4.165762592067420722e-01 -3.444432334112862981e-01 -8.413222208063301233e-01
4.538342148234569828e-01 -4.961244932367937510e-01 -7.401992925328358952e-01
-4.221909034330472155e-01 8.858469276837138695e-01 -1.924319666056355238e-01
-4.294811164518120283e-01 8.952206326781830814e-01 -1.188528057665393933e-01
2.875747151837890203e-01 2.427032911963892259e-01 -9.264965707596564126e-01
3.226429291684452805e-01 4.212263727065987950e-01 -8.476260279121018426e-01
4.114397652661800353e-01 8.633080648752697872e-01 -2.922610214842679133e-01
4.079732240451253711e-01 8.828311992415155407e-01 -2.327378828382124509e-01
4.538324448414798318e-01 7.953071750470717127e-01 -4.018987550712886381e-01
4.165747496659892857e-01 7.126837290386628387e-01 -5.644000179874767431e-01
-2.766286091303845618e-01 -7.080666945885133456e-01 -6.497062171667175035e-01
-3.390760144230252071e-01 -7.235925796396235343e-01 -6.011998296186316093e-01
-4.079605256530433599e-01 -6.553475039289536896e-01 -6.356790531415854595e-01
-3.127273422322307539e-01 -6.187774120129152511e-01 -7.206359162593578560e-01
3.226433928926670247e-01 4.843998310794422890e-02 -9.452802806888601639e-01
4.572584729255510516e-01 2.253642548992548789e-01 -8.603055512732071808e-01
4.304339653376116903e-01 3.352752283569199881e-02 -9.019991722259182998e-01
3.410793651867020659e-01 -6.914019555761676816e-01 -6.368894742961981326e-01
-4.255150832118896331e-01 -4.712828021101285736e-01 -7.725473670878725274e-01
-3.117786628435088581e-01 -3.274022866935685228e-01 -8.919651383677145162e-01
-2.643938239741652763e-01 -4.872723764945676717e-01 -8.322629013416699140e-01
3.875318469335446991e-01 2.336057959156036812e-01 -8.917664490924251952e-01
2.014608772650606783e-01 9.764627445250764204e-01 -7.703261313331705162e-02
3.410771302264390403e-01 9.148547827682561584e-01 -2.161182955756946744e-01
-3.637079791895564407e-02 9.458496009488248646e-01 -3.225611530294481555e-01
2.766531711238219837e-01 9.356550041881972479e-01 -2.191180869867154768e-01
-4.023417893805100731e-01 -6.843498206080890212e-01 -6.081006557731754025e-01
-4.221888462592054969e-01 -6.777345689500439141e-01 -6.020236142747386054e-01
-3.457865646187719966e-01 -6.454924829829045141e-01 -6.810074200342551842e-01
-3.119608363886230418e-01 -7.336298218987601372e-01 -6.037116207101735910e-01
-3.713674230884106975e-01 8.107387506811759570e-01 -4.525360927181381610e-01
-2.439049616145569366e-01 -2.031714413487094029e-01 -9.482783004583040798e-01
8.617176439983515611e-08 -4.156028776138744329e-01 -9.095461770130527368e-01
6.937191623463502617e-07 7.997935174155168872e-03 -9.999680160047462740e-01
4.473465392549615949e-01 5.563027693444437816e-01 -7.002915840107687417e-01
3.713648789578213316e-01 8.107414717396953519e-01 -4.525333056008093435e-01
7.255531282886315547e-02 7.502639153729573351e-01 -6.571451771637265571e-01
3.638296301383585341e-02 -6.662308471306259694e-01 -7.448575288831699170e-01
4.751174292518333120e-01 5.665730660502726890e-01 -6.732446726469676346e-01
3.536230358039499366e-01 7.551417489230172198e-01 -5.520069633458306591e-01
-4.751072089431464529e-01 5.665737271466794178e-01 -6.732513287899053456e-01
-3.569904263634359753e-01 4.402157391277990994e-01 -8.238737394218955679e-01
4.808492608309736238e-01 2.221888717242248568e-01 -8.481839975148212085e-01
3.569966864965833375e-01 4.402162559837305977e-01 -8.238707506630678079e-01
2.482421118652968217e-01 2.454752617520648272e-01 -9.370793721795461773e-01
4.079754594812236013e-01 -6.553431866465474487e-01 -6.356739196923474333e-01
3.390995616209983021e-01 -7.235802753659381636e-01 -6.012013576247144941e-01
2.766554602393537787e-01 -7.080606643918035958e-01 -6.497013559019167994e-01
-4.114312967229710738e-01 8.633101654257712143e-01 -2.922667383562178589e-01
-4.023438820485181200e-01 8.945920426252643720e-01 -1.944851610012591769e-01
3.188170538013603441e-08 4.832851509081143027e-01 -8.754629991677089773e-01
-2.482378813808865659e-01 2.454748895177891466e-01 -9.370805903783079316e-01
3.863149441854197286e-01 5.611324193250797343e-01 -7.320458809947631984e-01
4.304334912597863605e-01 4.130042529628255021e-01 -8.025923601907322125e-01
2.416195812222746153e-01 -5.822719042051580640e-01 -7.762598840229165686e-01
-1.623232670878345752e-06 -7.738741312242037873e-01 -6.333394263894748244e-01
2.439078560089985581e-01 6.419924788500206425e-01 -7.268800553578970147e-01
-2.014647631146497253e-01 -8.132860721739493259e-01 -5.458733498083853108e-01
4.114417720664627631e-01 -6.091447567321950363e-01 -6.779810716712404428e-01
-4.114292027297024590e-01 -6.091459292606827836e-01 -6.779876459098208574e-01
3.863177703519332096e-01 -1.301634828195603610e-01 -9.131352846378203436e-01
7.255745102040327132e-02 -3.317280837259397042e-01 -9.405806157735432382e-01
-7.254225447857384768e-02 -3.317279634379811104e-01 -9.405818303520725454e-01
2.820443816711074581e-01 -1.368899336341115602e-01 -9.495852320025892634e-01
4.294885454117138845e-01 -7.219644549936914402e-01 -5.425006129819508471e-01
-3.636870085849321782e-02 -6.662316288963272548e-01 -7.448575261457804908e-01
3.390972281266669830e-01 9.254034587614043961e-01 -1.692380228826867727e-01
3.713669650060268945e-01 -4.847515109261115174e-01 -7.918980679084046681e-01
-7.388901580737583519e-02 5.661221942609413749e-02 -9.956583098406145416e-01
-3.875272127147255663e-01 2.336052796119588160e-01 -8.917685982041384518e-01
4.294861625366646063e-01 8.952161383524591676e-01 -1.188684223115647753e-01
1.153065946699259325e-01 8.896381957209530400e-01 -4.418690642486672315e-01
-4.294789954610918059e-01 -7.219782671078500691e-01 -5.424897918686372167e-01
-3.863135709060955270e-01 -1.301623564113006115e-01 -9.131372218386668571e-01
-3.457885288826278436e-01 8.964694296486765968e-01 -2.770791493392537608e-01
-3.713659011951211397e-01 -4.847497085586753851e-01 -7.918996700856837379e-01
-1.153063198546883522e-01 -5.587471641187502502e-01 -8.212831784414085234e-01
