-2.909418227115475042e-01 5.031786557497228696e-01 -8.137346595759472612e-01
-2.146562117034043760e-01 4.854020668836223629e-01 -8.475302615495504677e-01
-3.373388493174173663e-01 4.286296366397116531e-01 -8.381402838041529524e-01
-3.850795916296099186e-01 4.958938107145650642e-01 -7.783334996037095665e-01
-1.233869373906247707e-01 4.381890318967459064e-01 -8.903740989082913337e-01
-2.377900788178775315e-01 3.390745577262535004e-01 -9.102111418338784121e-01
-1.347230689621084776e-01 4.949381032720345241e-01 -8.584206245302545835e-01
-7.023802744082095761e-02 4.929220945468259507e-01 -8.672337794440364567e-01
-7.608142081492988602e-03 3.491703698862146932e-01 -9.370283714848706147e-01
-5.986373087266744913e-02 1.915070610849088917e-01 -9.796639113903430340e-01
3.016759945151381572e-03 4.693211737828686392e-01 -8.830223864650905696e-01
4.575264712769906358e-03 2.015930900512190038e-01 -9.794586734499852732e-01
4.096714321839232784e-14 6.537205327122674798e-13 -1.000000000000000000e+00
-2.340205005966558560e-02 3.880830973142187501e-01 -9.213272239720290413e-01
-4.616893237991284704e-02 8.451243517449532271e-05 -9.989336427113402195e-01
4.574531604194736513e-03 -2.015178360747957031e-01 -9.794741627038120457e-01
-1.721829673570367258e-01 2.235799464297429096e-01 -9.593565725561040702e-01
-1.723593834997526608e-01 -2.235611000201399301e-01 -9.593292852182537800e-01
-2.342114610090821267e-02 -3.881364124892700551e-01 -9.213042793861730972e-01
-4.433364460432188126e-01 -4.344632477125995144e-05 -8.963552832009132887e-01
-3.974600766862217971e-01 -4.536280908516304167e-01 -7.976509528803238380e-01
-1.364569017091105396e-01 -5.751473345192837927e-01 -8.065885305230375835e-01
-7.085013333373080258e-01 -2.213468309470368323e-01 -6.700980831855577469e-01
-6.231550568386432509e-01 -5.635940888431011375e-01 -5.422540715914817566e-01
-3.520401448833275770e-01 -6.981721279536484692e-01 -6.233966763940894662e-01
-8.334098275292611824e-01 -3.338745293011560200e-01 -4.404041985058474440e-01
-7.495323933955658768e-01 -5.384148639061345776e-01 -3.851111859913310953e-01
-5.587286714993674464e-01 -6.651438956906030597e-01 -4.953845674524794407e-01
-8.750870403307696721e-01 -3.590086147266149941e-01 -3.245542888288684980e-01
-8.241668819717714589e-01 -4.531322559926467819e-01 -3.397353517665496758e-01
-8.867597349493557823e-01 -3.559507289485869252e-01 -2.948834533057361762e-01
3.735292451804611558e-01 -1.088729978846190190e-05 -9.276184036964673085e-01
3.688928536455528540e-01 1.122870158393107776e-01 -9.226644507095436154e-01
3.493683744123581292e-01 2.156124770413420100e-01 -9.118404458591206074e-01
3.457129763993367910e-01 1.424562453418382335e-01 -9.274636144411356753e-01
3.456979143366396556e-01 -1.424869418103495711e-01 -9.274645133032475286e-01
3.493459550868514563e-01 -2.156344734432727728e-01 -9.118438339580403618e-01
3.688803270532872158e-01 -1.123073744053220135e-01 -9.226669810756434886e-01
2.780707850333964393e-01 -2.658863960026143283e-05 -9.605605851813601159e-01
2.393242145260831011e-01 -3.399301509337001592e-01 -9.094896441563606881e-01
2.768263005536811816e-01 -3.744149484861702959e-01 -8.849749407027651671e-01
8.076382558919283083e-02 -2.307836193366230582e-01 -9.696474233050306202e-01
6.158673686639145467e-02 -5.461544227922843220e-01 -8.354175125687590686e-01
1.549847658035883313e-01 -5.360559457469964428e-01 -8.298335648779805451e-01
-1.976082391604022104e-01 -4.649404403578515366e-01 -8.630071672563167651e-01
-1.518659064778487000e-01 -6.574139659179837336e-01 -7.380674927577057787e-01
1.631833325376203306e-02 -6.180584230194686723e-01 -7.859627839373206637e-01
-3.974879602226902842e-01 -5.807883603814291140e-01 -7.104141059434669891e-01
-3.402832337809960639e-01 -6.237490852765572580e-01 -7.036649766928877447e-01
-4.443160774321350259e-01 -5.648274345814746633e-01 -6.953798907643422567e-01
-9.599753367176339092e-01 -1.334812904453538673e-01 -2.462317972864308258e-01
-9.629598709528246481e-01 -8.687070292631385304e-02 -2.552680315033756808e-01
-9.704712857507421520e-01 -6.889257567245256873e-06 -2.412166733164219090e-01
-9.682864402249903302e-01 -6.546308232724587506e-02 -2.411139865885664202e-01
-9.343927837841236039e-01 -2.355965924774358067e-01 -2.672159636420996520e-01
-9.362791664712413198e-01 -2.044910456656657272e-01 -2.855954038048903465e-01
-9.578147878309404284e-01 4.905004524995235110e-05 -2.873862032291454871e-01
-9.629536631516520950e-01 8.690720961597579730e-02 -2.552790229133161115e-01
-9.273155759203142168e-01 -1.371516817880710504e-01 -3.482459459035799898e-01
-9.273538255689969256e-01 1.370909317804534511e-01 -3.481680034496411613e-01
-9.363066316155874702e-01 2.043900184772349249e-01 -2.855776810949109956e-01
-8.769315235178726242e-01 -9.757382287196231035e-05 -4.806153280326907473e-01
-8.334658367600800144e-01 3.338245378111208139e-01 -4.403360953964728375e-01
-8.751117360966491621e-01 3.589579219136855848e-01 -3.245437715336966789e-01
-7.083953100154335436e-01 2.211898058544760626e-01 -6.702620043939517824e-01
-6.231432672221066671e-01 5.636567277935431441e-01 -5.422025098879879046e-01
-7.494837833933467586e-01 5.384817627941904661e-01 -3.851122558014071773e-01
-3.971400439119604497e-01 4.535537207910164126e-01 -7.978526229061544406e-01
-3.521076199288257769e-01 6.982057455579701033e-01 -6.233209132203867409e-01
-5.587294601473027367e-01 6.651701677112242805e-01 -4.953484009770532381e-01
-1.363276925477250601e-01 5.750181169108260493e-01 -8.067025012164900089e-01
-1.814747649560308207e-01 6.533020026293269167e-01 -7.350261240559169407e-01
-5.703032655789791461e-02 5.696726004663607013e-01 -8.198906452269074663e-01
-5.914729918233505718e-02 5.248820131817404366e-01 -8.491174649232677840e-01
-4.130368161802558391e-01 5.288836031810887350e-01 -7.414059095838562152e-01
-5.098465855194486140e-01 4.700618689908538372e-01 -7.204847663587224949e-01
-4.443080803355414776e-01 5.648308971637245879e-01 -6.953821879785005988e-01
-5.137102178213736048e-01 3.474261411016129064e-01 -7.844723631748639070e-01
-4.369627336252387972e-01 2.052442704106376969e-01 -8.757501692185739595e-01
-2.142732147394751374e-01 4.092427373307273131e-05 -9.767737648864319722e-01
-5.986581453873583702e-02 -1.914995784113517063e-01 -9.796652467643667261e-01
-7.611168330290544667e-03 -3.491209891143876587e-01 -9.370467464734277829e-01
3.025740760977803628e-03 -4.693626670285018787e-01 -8.830003010717132339e-01
-5.707282433418857381e-02 -5.697487603861907113e-01 -8.198347655234680120e-01
-1.814255686718704019e-01 -6.532815110725639363e-01 -7.350564810426717388e-01
-5.918772712724800628e-02 -5.249246543615273541e-01 -8.490882876361824927e-01
-7.029041084760589975e-02 -4.929393840232060287e-01 -8.672197079297118139e-01
-1.234791554164404587e-01 -4.381636990216034033e-01 -8.903737816430508101e-01
-2.378403184925494407e-01 -3.391044937919443503e-01 -9.101868627866872563e-01
-4.369978101864974152e-01 -2.052157499928481399e-01 -8.757393504046044885e-01
-6.275469866486070858e-01 1.197817217020052530e-05 -7.785786918512306309e-01
-6.547929780458061622e-01 1.926721698309166175e-01 -7.308375954167597444e-01
-5.825556810402200414e-01 3.948291623386302462e-01 -7.104497245088775559e-01
-3.974944996345427528e-01 5.807661648640605190e-01 -7.104285921254678282e-01
-3.402738288442639925e-01 6.237531804110199030e-01 -7.036658946764430267e-01
-1.518460022302345891e-01 6.574101878811673405e-01 -7.380749531563446375e-01
1.633471272095953289e-02 6.180515100632761882e-01 -7.859678797946053619e-01
6.162120742401393236e-02 5.461384245366684986e-01 -8.354254293712930490e-01
1.550159486516869412e-01 5.360373042542549982e-01 -8.298397821937987251e-01
-1.975959893648109866e-01 4.649149900148119019e-01 -8.630236827842362457e-01
-4.997329200449765474e-01 2.361431457012517776e-01 -8.333687199323217554e-01
-6.443633782952248312e-01 1.085339055435812507e-05 -7.647194495984551699e-01
-6.548157514274544067e-01 -1.926608585389460171e-01 -7.308201730039549648e-01
-5.137386799144302296e-01 -3.474497669434271629e-01 -7.844432600327033711e-01
-3.373670277246803018e-01 -4.286318546371936655e-01 -8.381278075535335548e-01
-2.147982105320482837e-01 -4.853656405899858806e-01 -8.475151465825861985e-01
-1.348165233256295725e-01 -4.949518194870363708e-01 -8.583980436981785145e-01
2.393158932367440705e-01 3.399563302673149212e-01 -9.094820486163984752e-01
2.768351215011941591e-01 3.744347007809496475e-01 -8.849638243196726872e-01
8.071585375004754204e-02 2.307973647446935062e-01 -9.696481461748422959e-01
-2.410167827736775237e-01 3.980421615543344396e-05 -9.705209471397567844e-01
-4.997797675314786248e-01 -2.360932610471008497e-01 -8.333547600238012665e-01
-5.825808203009370523e-01 -3.948063724327950941e-01 -7.104417753088156928e-01
-5.098828661829637454e-01 -4.700420141430559640e-01 -7.204720450603098181e-01
-3.850731769555239548e-01 -4.958456657392962263e-01 -7.783673452534677351e-01
-2.910383446595452561e-01 -5.030982619799635458e-01 -8.137498514473435751e-01
-4.130153440950652399e-01 -5.288681057658835005e-01 -7.414289259569268875e-01
-8.241497039364305000e-01 4.531687015931524232e-01 -3.397284112314893911e-01
-8.867781411926177748e-01 3.559200333788934412e-01 -2.948651524723316375e-01
-9.344188645153183037e-01 2.355123834252340898e-01 -2.671989949293711031e-01
-9.599692213223220971e-01 1.335122703978484371e-01 -2.462388429290273406e-01
-9.682865797760007442e-01 6.545512729029216714e-02 -2.411155858444340716e-01
