-1.361555854305675772e-01 -9.451085416942530681e-01 -2.970378780098925087e-01
-2.000956105505166584e-03 -9.552390170591779084e-01 -2.958283564205422267e-01
1.283618556130437793e-01 -9.527680877315357622e-01 -2.752384512090684798e-01
-7.631862409134013148e-02 -9.609788009336361903e-01 -2.658857118631140493e-01
-3.136025755712292806e-01 -9.188057237952667045e-01 -2.396861834068658714e-01
-3.003982161357346969e-01 -9.340689156330671539e-01 -1.930703824788711775e-01
-4.618354192173247941e-01 -8.715251234551270043e-01 -1.647786537840509324e-01
-4.816963839327929597e-01 -8.697664572073033895e-01 -1.071209765784779805e-01
-5.650929643146559433e-01 -8.195659083217009533e-01 -9.477163921184587891e-02
-6.004111416196706852e-01 -7.989153664165923319e-01 -3.522354783952365981e-02
-6.287209715207283667e-01 -7.769895335081039578e-01 -3.157854950580182840e-02
-6.650814401849782787e-01 -7.463753167719703319e-01 2.430153153636491550e-02
-6.647901926851347287e-01 -7.466119684113220467e-01 2.499136520144741233e-02
-6.965410060324868091e-01 -7.123498603703278809e-01 8.595524036162337234e-02
-7.246276111419591714e-01 -6.653092601305851117e-01 1.796619424229590478e-01
-6.907008307594934005e-01 -7.137930221275832210e-01 1.158960048928097258e-01
-7.353937230445770634e-01 -6.035315538185507256e-01 3.081326591778347779e-01
-6.963642825477509568e-01 -6.686617003794661507e-01 2.607073386719246932e-01
-7.198182610718523167e-01 -5.121578937867982129e-01 4.685679917145036955e-01
-6.695733578990321622e-01 -5.888585279480604839e-01 4.526777578528214940e-01
-6.667337988443443608e-01 -3.870548047670822611e-01 6.369102131268646882e-01
-5.968780372235608089e-01 -4.661715806838007126e-01 6.530089325904480102e-01
-5.761747184846029990e-01 -2.380269541415831469e-01 7.818988827727452184e-01
-4.841056965904843024e-01 -3.160702901185873936e-01 8.159296821620063422e-01
-4.481052016497220625e-01 -6.821808948387279858e-02 8.913742314660147992e-01
-3.380155861634450143e-01 -1.466904881177144571e-01 9.296382975148818062e-01
-2.926388721238549206e-01 1.022247814051854831e-01 9.507431748841205232e-01
-1.858122047836632817e-01 1.999297887376417365e-02 9.823818531249371988e-01
-1.291535474284916385e-01 2.571224371573170853e-01 9.577094619439241452e-01
-4.848223577147221797e-02 1.773702494234019600e-01 9.829492700206242661e-01
3.209778011079158361e-02 3.772731667123521704e-01 9.255456175633873794e-01
6.971548379352332514e-02 3.138788835927250331e-01 9.469000991414151525e-01
1.179682303354161466e-01 4.453808007049791517e-01 8.875355987198029206e-01
1.103687786184488900e-01 3.955625362399172729e-01 9.117834241911355608e-01
1.346783594226024228e-01 4.987713386947354444e-01 8.562061032250924963e-01
9.429464051457674134e-02 4.597386203662459647e-01 8.830339301034622057e-01
9.985976899241534588e-02 5.418431386722100118e-01 8.345262366220900230e-01
3.952987441033076199e-02 5.215086151067053200e-01 8.523298383833525227e-01
4.493052977571743850e-02 5.609283464429610788e-01 8.266442025749888289e-01
-3.881783082070668078e-02 5.793796963184700832e-01 8.141328782847968570e-01
-2.406323175665534275e-01 7.494068484948829267e-01 6.168350372437650941e-01
-3.364540886475933523e-01 7.538499975530298380e-01 5.643658630902615991e-01
-4.620560921380940100e-01 7.272718798746177216e-01 5.075231821914275576e-01
-3.575299145393849853e-01 7.396981049479037784e-01 5.701044410859636979e-01
-8.282580242177263463e-02 6.673943032684778176e-01 7.400842725108889297e-01
-1.934512086236837847e-01 6.552965826279040229e-01 7.301801275563624127e-01
6.118801411884309399e-02 5.112625534230006430e-01 8.572436225458796022e-01
-1.619494471967046836e-02 4.811496345613285319e-01 8.764888778113651968e-01
1.735384593998713365e-01 3.341185378544748175e-01 9.264174036421725100e-01
1.364225317943202898e-01 2.798332727523587526e-01 9.503063886344931266e-01
2.569335141473142459e-01 1.734531148531272271e-01 9.507361286159582425e-01
2.493873074850428140e-01 1.031580637750471041e-01 9.628937556883135906e-01
3.119740997517592151e-01 4.762255809672952256e-02 9.488963341927286743e-01
3.203455342499658132e-01 -2.498973297013454622e-02 9.469710935040137612e-01
3.393219823107222477e-01 -4.346386417085965070e-02 9.396656239493165197e-01
3.513991154344194290e-01 -1.098110069262163285e-01 9.297635207028480675e-01
3.486198152901766600e-01 -1.120092617836793841e-01 9.305472312901257315e-01
3.546994039664664866e-01 -1.792224659222919347e-01 9.176424361016466413e-01
3.480644093370651171e-01 -2.771274915873461753e-01 8.955732914504249687e-01
3.387479530927424709e-01 -2.032654219447550259e-01 9.186582566531996674e-01
3.213903964100471300e-01 -4.043836470820167395e-01 8.562605205590386737e-01
2.937373099566256696e-01 -3.377144701986853903e-01 8.942412031202006117e-01
2.780493623633967237e-01 -5.533979311980218307e-01 7.851364733822092656e-01
2.212118338172501808e-01 -5.028456008457165005e-01 8.355905853283149831e-01
2.140052296585401304e-01 -7.204429160789797004e-01 6.596694371807863000e-01
1.168463396744662958e-01 -6.879089304967184182e-01 7.163296980075163356e-01
1.276634662692882338e-01 -8.737066956353161107e-01 4.694024386197059306e-01
-1.323920985021891789e-02 -8.505513554763092232e-01 5.257253227874346679e-01
2.731815642928804230e-02 -9.719719962977582117e-01 2.335040829241594729e-01
-1.461866858985219619e-01 -9.474790963252519571e-01 2.844517795561998241e-01
-8.648358934368409467e-02 -9.962230711295396723e-01 -7.757662241967914693e-03
-2.635005446585468869e-01 -9.642570000671899511e-01 2.785499571127745058e-02
-2.123754884165809931e-01 -9.601712716595394159e-01 -1.815703197098071098e-01
-3.317748120604950834e-01 -9.311291845728482119e-01 -1.514064586433745141e-01
-2.800314964559839082e-01 -9.281588238010968217e-01 -2.451602716444564178e-01
-3.175783752387328907e-01 -9.259134160640892786e-01 -2.045197338479924631e-01
-2.636011474607820593e-01 -9.323721062539437332e-01 -2.473796485908782150e-01
-2.495474330429281185e-01 -9.464214900934057040e-01 -2.049693678359315596e-01
-2.249874327366770399e-01 -9.470261130744538347e-01 -2.291772158519470581e-01
-1.572556275860554076e-01 -9.663252311625384339e-01 -2.036816516311174552e-01
-9.820659010437718384e-02 -6.204726999545645549e-01 7.780546859129939818e-01
-2.791897986356912664e-01 -7.611980657063357469e-01 5.853465307855585387e-01
7.648169774578396363e-02 -4.380763385365453177e-01 8.956783303867164037e-01
-3.756415660636310272e-01 -4.904135457538941756e-01 7.863764798023623603e-01
-5.322561654633324313e-01 -6.016067844419863420e-01 5.956279469934578907e-01
-1.629760192064295676e-01 -3.313213758714202983e-01 9.293357644330126899e-01
-6.166708499124534670e-01 -3.091106229704154718e-01 7.239942580125144911e-01
-7.033556847300287407e-01 -4.151794452718112205e-01 5.769894357626887960e-01
-4.435005762309968680e-01 -1.708115163405229397e-01 8.798469553099684815e-01
-7.496957704172239056e-01 -1.400916568042215593e-01 6.467848015471375778e-01
-7.758682494555538822e-01 -2.596144359682113212e-01 5.750033079241189116e-01
-6.549181021611503173e-01 8.390146804388322463e-04 7.556993949421965118e-01
-7.827056469892564872e-01 -2.572663684479878365e-03 6.223867379473113637e-01
-7.619874087775202476e-01 -1.444931164734729878e-01 6.312661310068096165e-01
-7.469937643968506125e-01 1.536307282525729567e-01 6.468368536878543740e-01
-7.389546584725970035e-01 1.378190074407320831e-01 6.595088580979756587e-01
-6.693814729314875311e-01 -2.171929843769944413e-02 7.426013168392875397e-01
-7.407903634937139659e-01 3.016929173628544736e-01 6.001758250445773379e-01
-6.387785861959061062e-01 2.746799754715049113e-01 7.186882696221839062e-01
-5.276097207059776695e-01 1.231507485359174259e-01 8.405128647151116628e-01
-6.694696017639281127e-01 4.185832752348070396e-01 6.136762126787606020e-01
-4.856093759329335180e-01 3.910137942557948554e-01 7.818514863500068968e-01
-3.430608842807191805e-01 2.588167747081211445e-01 9.029524388395084866e-01
-5.520491240382054965e-01 5.030589623123029597e-01 6.649612357768824866e-01
-3.130629791523075189e-01 4.833232074455331428e-01 8.175513734493025098e-01
-1.731921666668383430e-01 3.732765878796432957e-01 9.114104796117834528e-01
-4.102386466853708558e-01 5.675650073444225008e-01 7.138446716225326227e-01
-1.613565742421153582e-01 5.493502251156733296e-01 8.198648584457102206e-01
-4.984006938334710479e-02 4.631849998107211985e-01 8.848590980682771168e-01
-2.661667126752304546e-01 6.157798944891781368e-01 7.415998938825153486e-01
-1.412600831936517976e-01 6.155305595408042674e-01 7.753500623379786516e-01
-6.174327250081167451e-01 -7.841029407573735233e-01 6.292383002240031775e-02
-6.037794025202398718e-01 -7.636356793000041998e-01 2.287159425845086413e-01
-5.446308401951244216e-01 -7.059719930972863100e-01 4.527480456839105827e-01
-4.344885542839205805e-01 -5.953735206933412627e-01 6.758328691721667836e-01
-2.963285987280874223e-01 -4.533608206243801009e-01 8.406267470754399396e-01
-1.522470643510259458e-01 -2.935245884229057967e-01 9.437500449735927166e-01
-3.443946411760035603e-02 -1.367041840340360026e-01 9.900130753575318021e-01
5.202998245078168521e-02 2.325002522079920933e-02 9.983748380510195641e-01
1.091320786092900563e-01 1.821182491842212314e-01 9.772016847777574844e-01
1.004097806244524382e-01 2.879270687089764413e-01 9.523738126700057594e-01
4.331006912079198717e-02 3.753565913075466720e-01 9.258680614832377476e-01
-4.769715891991126999e-01 6.128526158653961886e-01 6.300077573520951324e-01
-3.718953987320663401e-01 6.304883822056567277e-01 6.813062544154474542e-01
-5.756317400588402133e-01 5.826082760208847189e-01 5.737732100305844574e-01
-6.514720933479343223e-01 5.407500734058993119e-01 5.321404604992696630e-01
-6.849157588658417728e-01 4.656100957367385051e-01 5.604441470880520137e-01
-6.351440443336908714e-01 3.388793741589469222e-01 6.940841539158500995e-01
-4.656031135036623470e-01 1.826569598403181283e-01 8.659388983742368762e-01
-2.082814005945126112e-01 4.333328169021415793e-03 9.780593440243628978e-01
3.902449188257343243e-02 -1.545345168577533790e-01 9.872163755392482365e-01
2.077599052079895647e-01 -2.638817720190487770e-01 9.419141320651515104e-01
-4.770341467823169812e-01 -8.788786931698612248e-01 3.265807052600205786e-03
-4.302111005455457882e-01 -8.814115563164239830e-01 1.950181462306877223e-01
-3.302683744653058251e-01 -8.340719901015564153e-01 4.418673060502147365e-01
-1.969784662999758407e-01 -7.221454938801403767e-01 6.631028347720397953e-01
-6.927844556028735223e-02 -5.829217150544596660e-01 8.095694973865535937e-01
3.115459506460302452e-02 -4.349110773149452713e-01 8.999343009548605998e-01
9.347783300537149120e-02 -2.924112811437560300e-01 9.517129490536981873e-01
1.260830827243130670e-01 -1.393792744830213981e-01 9.821794510654948684e-01
1.284755109524620131e-01 2.814495900511224807e-02 9.913132221291629520e-01
7.080584942316689445e-02 1.495992734829585391e-01 9.862081874841789331e-01
-3.409708536882058438e-02 2.588742901478700564e-01 9.653090130470058927e-01
2.911699719229557948e-01 -1.217726270466645000e-01 9.488896009297089762e-01
1.841692659963975742e-01 -1.758331871647343626e-04 9.828945266634837585e-01
1.146387776253972833e-02 1.736309176970615709e-01 9.847440702671521606e-01
-2.091267496596796172e-01 3.720939836032570724e-01 9.043296246076626410e-01
-4.170387226283452375e-01 5.391963883978273531e-01 7.316733961046131274e-01
-5.492359090426836010e-01 6.308211339147348218e-01 5.480917926995318989e-01
-5.881995340179876353e-01 6.439185753604436124e-01 4.892751541686916061e-01
-5.705086159816502578e-01 6.326350182869925343e-01 5.237297516159595823e-01
-5.324353301006953254e-01 6.211998394737516804e-01 5.749985901707466152e-01
-2.548128494366628249e-01 -9.642563432035232696e-01 -7.266440912673752250e-02
-1.661429739476468770e-01 -9.759078703934465082e-01 1.414225608308626869e-01
-4.612234353513545299e-02 -9.188744479829222822e-01 3.918449671373924748e-01
6.321803055989191900e-02 -8.033354401602139649e-01 5.921618454398454023e-01
1.365044016849743802e-01 -6.778237439031935541e-01 7.224413613032435455e-01
1.768957928728624729e-01 -5.521909425838380514e-01 8.147349516206188191e-01
1.828904282499517198e-01 -4.305165941793042683e-01 8.838588990278960500e-01
1.644305799065132745e-01 -2.923832759743120735e-01 9.420587053481003226e-01
1.128051395298759890e-01 -1.268951942896015261e-01 9.854809029919570085e-01
-1.469010597369444065e-14 -2.994011453629704082e-13 1.000000000000000000e+00
-1.607118448489535667e-01 1.237741493883618704e-01 9.792097134263088032e-01
-5.194643174031406962e-01 6.846725437525444935e-01 5.112536853425190264e-01
2.154809171022278522e-02 -9.892110251861583325e-01 -1.449042007458528347e-01
1.319553696536391596e-01 -9.887749209766509839e-01 7.008520576547462577e-02
2.191904564711061321e-01 -9.284385945072228807e-01 2.999288582671530423e-01
2.645924090737919454e-01 -8.363969339143263459e-01 4.800323176612619758e-01
2.758297839783103722e-01 -7.424707997645162427e-01 6.104547827378523639e-01
2.600756905680415287e-01 -6.477342234266763032e-01 7.161012574890471827e-01
2.140225151849901586e-01 -5.512428335593627660e-01 8.064277409931615015e-01
1.434461116722488272e-01 -4.264782748407753288e-01 8.930506671712125089e-01
4.288475459058176814e-02 -2.720867072898989769e-01 9.613166603881611039e-01
-1.292705877483252552e-01 -1.522745694147225048e-01 9.798477282990271098e-01
-3.384429238334759615e-01 -2.292852094549691078e-02 9.407075370349156085e-01
2.618000035128523195e-01 -9.491423506474542249e-01 -1.748987031629755662e-01
3.623929203513265307e-01 -9.320233978395047192e-01 1.938339221520238645e-03
4.042045527778194702e-01 -8.956747001928156982e-01 1.854333059301755959e-01
3.981203691878335005e-01 -8.506423462103561706e-01 3.433770092354504477e-01
3.623143250458915055e-01 -8.004936734370311502e-01 4.774287472009035582e-01
3.028047856731406751e-01 -7.420824546676647593e-01 5.980157959852390182e-01
2.121749762954801555e-01 -6.788913069644199050e-01 7.029142001426312847e-01
9.991625086564012714e-02 -5.759886083475586060e-01 8.113284574491375079e-01
-6.259030190335776456e-02 -4.258936971075760747e-01 9.026056796141300742e-01
-3.067330757820465603e-01 -3.130919085579051409e-01 8.988260549276781974e-01
-5.210786521244542557e-01 -1.740194042431834620e-01 8.355802087454029525e-01
2.784784675027913159e-01 -9.346335364500136800e-01 -2.211558176495381778e-01
4.054034838930574147e-01 -9.041520237610949362e-01 -1.347484069519435668e-01
4.846833692574744612e-01 -8.745062941634152986e-01 -1.791013773791142252e-02
4.984836910120959419e-01 -8.621030943868676077e-01 9.106187151351767539e-02
4.636830104073418890e-01 -8.630582215720156158e-01 2.003211722123711402e-01
4.007160360127386411e-01 -8.588725060577887538e-01 3.190057629890885593e-01
3.110497237422731875e-01 -8.422510749858537205e-01 4.402967136432258122e-01
1.873138528934490399e-01 -8.111733631428102997e-01 5.539957539925689511e-01
1.732272801847911312e-02 -7.478819063875853379e-01 6.636057392699896695e-01
-2.730293524775264102e-01 -6.113373000693353987e-01 7.427796969691893292e-01
-5.299542646861061801e-01 -4.470369847020479459e-01 7.206291776284847739e-01
-6.830332933451672695e-01 -2.884718885069653127e-01 6.710063261425170955e-01
4.517084477960758848e-01 -8.889470064370942337e-01 -7.571458205778464068e-02
4.934676577455203161e-01 -8.697612191923498326e-01 -2.256623182337484223e-03
4.891255218723283837e-01 -8.708127334957950216e-01 4.941059638077605759e-02
4.343589933554632965e-01 -8.942993201221015598e-01 1.075220485313269636e-01
3.487618283949187048e-01 -9.163529964707296527e-01 1.966274978576208754e-01
2.259845564469311618e-01 -9.270634281875380633e-01 2.991393995525463145e-01
4.858462111345605156e-02 -9.160619468259986187e-01 3.980829614146074724e-01
-1.959309945258791985e-01 -8.546497075932671939e-01 4.808169326207679672e-01
-4.885050199078464495e-01 -7.103224085501312901e-01 5.067592341895460484e-01
-6.669642147291888756e-01 -5.358042578177764081e-01 5.177572148942197749e-01
-7.498180000338343643e-01 -3.850669430806092919e-01 5.380487117090947402e-01
4.734565701794992143e-01 -8.806893332341730884e-01 1.500581492010563157e-02
4.373020778880511439e-01 -8.990201581564771782e-01 2.301408053993044683e-02
3.628533116320628582e-01 -9.312573985387350151e-01 3.312298151605488211e-02
2.527032043089745827e-01 -9.637776165948092055e-01 8.528655393910861138e-02
9.841327761024122600e-02 -9.831419189482637488e-01 1.540999480750463169e-01
-1.114477260943558395e-01 -9.692962982420830764e-01 2.191896223879953032e-01
-3.516861962576434131e-01 -8.972110419850194418e-01 2.670752057042803940e-01
-5.709782660315046998e-01 -7.684549624370446974e-01 2.888958124056762444e-01
-6.835522912214135882e-01 -6.363132967254681027e-01 3.575774791235078465e-01
-7.221002031122703002e-01 -5.179780182352625717e-01 4.585521445705924015e-01
3.724960595677045405e-01 -9.280293963837594751e-01 -2.850448056667429647e-03
2.760673514901588743e-01 -9.603596656077361127e-01 -3.867984119678070237e-02
1.490749451826920424e-01 -9.883775535411619684e-01 -2.977368594528059104e-02
-1.466059359267788027e-02 -9.998831128464197304e-01 4.339082859582208546e-03
-2.061723726891775132e-01 -9.777587944163040889e-01 3.847976976659875370e-02
-3.962533168050975663e-01 -9.155422036390440388e-01 6.903464548124658984e-02
-5.501287572702955320e-01 -8.272976824912426919e-01 1.137404719915328932e-01
-6.159314428427535848e-01 -7.529730880309620789e-01 2.316462527621784284e-01
-6.093721269558871612e-01 -6.814158317324782166e-01 4.053863282766102527e-01
1.747935728507320763e-01 -9.792859633127195540e-01 -1.022066971815376590e-01
4.950104954743185515e-02 -9.898439833774491659e-01 -1.332611521230626928e-01
-9.142723787486990716e-02 -9.884007051724283954e-01 -1.212646122709175878e-01
-2.374381745524164755e-01 -9.653186085810685491e-01 -1.085499755519349074e-01
-3.695857696610152510e-01 -9.245697066236492345e-01 -9.261326286193025115e-02
-4.664352856135940417e-01 -8.839262077131788686e-01 -3.335541413869490268e-02
-4.815325153103136024e-01 -8.674254337417339755e-01 1.252978595063968803e-01
-4.153366595510180614e-01 -8.378289483312028052e-01 3.543135794338604372e-01
-5.647667403308845313e-02 -9.813139740536026556e-01 -1.839382222847942838e-01
