-3.514692832093613113e-13 6.575101698560683010e-13 -1.000000000000000000e+00
-2.845297237822045913e-13 6.555493045398954369e-13 -1.000000000000000000e+00
-3.368439830238093394e-13 6.632327157395799081e-13 -1.000000000000000000e+00
-4.039684776530658686e-13 6.612432133896608743e-13 -1.000000000000000000e+00
-1.944741047323897701e-13 6.512288815198211291e-13 -9.999999999999998890e-01
-3.165011580148627154e-13 6.557159342159883936e-13 -1.000000000000000000e+00
-1.878664788210333052e-13 6.544075762837462930e-13 -1.000000000000000000e+00
-1.033548860280655507e-13 6.548436073451238468e-13 -1.000000000000000000e+00
-7.479963677967357540e-14 6.524605484495401553e-13 -1.000000000000000000e+00
-1.200025459858090634e-13 6.362739141766602764e-13 -1.000000000000000000e+00
-5.515122597623840252e-14 6.584908035625944105e-13 -1.000000000000000000e+00
-5.235669308131845737e-14 6.637223348736796028e-13 -1.000000000000000000e+00
4.096714321839232784e-14 6.537205327122674798e-13 -1.000000000000000000e+00
-5.301520753649705914e-14 6.587914098514212661e-13 -1.000000000000000000e+00
-1.274276943215281858e-13 6.657960322105798254e-13 -1.000000000000000000e+00
-5.831757372699788968e-14 6.764925600024074488e-13 -1.000000000000000000e+00
-3.887037538572043550e-14 6.623393090497640217e-13 -1.000000000000000000e+00
-1.007099695600783244e-15 6.763320511213365992e-13 -1.000000000000000000e+00
-5.061069164864022952e-14 6.789142290194720374e-13 -1.000000000000000000e+00
1.285386780784672736e-13 6.739929305554647604e-13 -1.000000000000000000e+00
4.517033900007789573e-14 6.834597365003414737e-13 -1.000000000000000000e+00
4.345284215495886946e-14 6.739492432381659801e-13 -1.000000000000000000e+00
1.256813620681922873e-13 6.904826089980654412e-13 -1.000000000000000000e+00
1.485481407338541667e-13 6.913378693815915173e-13 -1.000000000000000000e+00
1.010115355681407524e-13 6.855776292770080746e-13 -1.000000000000000000e+00
2.284988185490718621e-13 6.944084367497687660e-13 -1.000000000000000000e+00
2.555413743685551658e-13 6.976829908123038230e-13 -1.000000000000000000e+00
2.677580425875537488e-13 6.982327435906866630e-13 -1.000000000000000000e+00
1.894644012908516693e-13 6.870858147234029816e-13 -1.000000000000000000e+00
3.805993782855287346e-13 7.007649640347345425e-13 -9.999999999999998890e-01
3.433072254741192797e-13 7.084228003290901770e-13 -1.000000000000000000e+00
-4.641617593251384565e-13 6.964785122012707965e-13 -1.000000000000000000e+00
-9.484327112749141900e-13 7.408614313104875357e-13 -1.000000000000000000e+00
-6.017408611741734792e-13 6.765472810122710240e-13 -1.000000000000000000e+00
-5.690885225851311293e-13 6.614116513663160233e-13 -1.000000000000000000e+00
-5.827672528644346531e-13 6.791524601303521085e-13 -9.999999999999998890e-01
-4.458386637598080706e-13 6.942625276729908879e-13 -1.000000000000000000e+00
-4.713953223381473473e-13 6.951452195961629416e-13 -1.000000000000000000e+00
-4.684343130415121115e-13 6.688844698370580299e-13 -1.000000000000000000e+00
-4.213963205324623378e-13 6.971627874721557835e-13 -1.000000000000000000e+00
-3.460332468308591273e-13 6.965416739010132466e-13 -1.000000000000000000e+00
-3.351236198120907266e-13 6.854833452424526714e-13 -1.000000000000000000e+00
-4.759072187027227189e-13 6.935706667056287954e-13 -1.000000000000000000e+00
-4.193425002325230124e-13 6.953705866069046748e-13 -1.000000000000000000e+00
-4.151946562725636765e-13 6.908630855584415165e-13 -1.000000000000000000e+00
-4.470201370553753011e-13 6.973119670668444784e-13 -1.000000000000000000e+00
-4.616727242161127289e-13 6.958619742070193018e-13 -1.000000000000000000e+00
-4.017501861629382067e-13 6.915711412691259092e-13 -9.999999999999998890e-01
-4.665539685554595146e-13 7.003220422432867349e-13 -1.000000000000000000e+00
-5.446634639595784703e-13 7.023378893077648651e-13 -1.000000000000000000e+00
4.869144313083660393e-13 6.709002837833846754e-13 -9.999999999999998890e-01
4.810140865142714459e-13 6.681940746053075526e-13 -1.000000000000000000e+00
4.951047365932962397e-13 6.750168051451624214e-13 -1.000000000000000000e+00
4.910592049410482506e-13 6.768675086099403271e-13 -1.000000000000000000e+00
5.309136912466395756e-13 6.600004359143818711e-13 -1.000000000000000000e+00
3.776606853828228124e-13 6.654296783574854513e-13 -1.000000000000000000e+00
3.861082318870104533e-13 6.733375089363720439e-13 -1.000000000000000000e+00
4.640169167043662038e-13 6.762221306168006514e-13 -1.000000000000000000e+00
2.820153641312836662e-13 6.812260518439114579e-13 -1.000000000000000000e+00
3.178077452168708700e-13 6.844326951029650470e-13 -1.000000000000000000e+00
3.589103661567068323e-13 6.784355633567890217e-13 -1.000000000000000000e+00
2.603947022078261888e-13 6.924056228011587224e-13 -1.000000000000000000e+00
9.103704096226168207e-14 6.870442974829747465e-13 -1.000000000000000000e+00
2.319912002830132429e-13 6.837636750051878599e-13 -1.000000000000000000e+00
1.871494314416087250e-13 6.800081029230319819e-13 -1.000000000000000000e+00
8.791220803696310117e-14 6.683173875152774263e-13 -1.000000000000000000e+00
2.578960002378096853e-14 6.548564650443644242e-13 -1.000000000000000000e+00
1.118382921507734430e-13 6.626767007231049669e-13 -1.000000000000000000e+00
1.032189027743193681e-13 6.593946195467228782e-13 -1.000000000000000000e+00
9.138820137183582724e-14 6.575128635106408601e-13 -1.000000000000000000e+00
6.235444909220371087e-14 6.567156415034781904e-13 -9.999999999999998890e-01
5.502669572318648228e-14 6.577867962271898843e-13 -1.000000000000000000e+00
-1.265358236402404296e-14 6.564369548023308715e-13 -1.000000000000000000e+00
-5.941895303611200114e-14 6.553808491259761113e-13 -1.000000000000000000e+00
-4.789129351799952727e-13 6.650578748616073729e-13 -1.000000000000000000e+00
-4.630631058882725891e-13 6.676583062382838997e-13 -1.000000000000000000e+00
-4.887520989375579051e-13 6.705052729765373320e-13 -1.000000000000000000e+00
-4.132885659867430646e-13 6.652319722724107172e-13 -1.000000000000000000e+00
-2.809937025004221569e-13 6.687116315103417871e-13 -1.000000000000000000e+00
-2.162695678973714413e-13 6.689141727543978117e-13 -1.000000000000000000e+00
5.255499851104255711e-15 6.963152474365760564e-13 -1.000000000000000000e+00
-6.494330165837388720e-14 6.889502362158167842e-13 -1.000000000000000000e+00
-4.275974074207544095e-14 6.934607411097927442e-13 -1.000000000000000000e+00
-1.372185767135539449e-14 6.932556640320834295e-13 -1.000000000000000000e+00
1.383929999559392978e-13 7.042886931882252894e-13 -1.000000000000000000e+00
-1.809156092624075268e-14 6.966763318651241168e-13 -1.000000000000000000e+00
-4.465625312371772007e-14 6.980791425197807843e-13 -1.000000000000000000e+00
-4.876921799479065806e-14 7.020208992220616614e-13 -9.999999999999998890e-01
-4.352813189992823615e-14 7.188931974847029014e-13 -1.000000000000000000e+00
-2.727787332262155652e-13 6.573176876792869025e-13 -1.000000000000000000e+00
-5.139883801832977791e-13 6.651416129310324405e-13 -1.000000000000000000e+00
-4.764341729571789339e-13 6.731850619739584269e-13 -9.999999999999998890e-01
-5.179861759405858531e-13 6.811626685066641264e-13 -1.000000000000000000e+00
-4.527874450473566773e-13 6.785423720332778705e-13 -1.000000000000000000e+00
-4.681808500900971709e-13 6.714432629970143586e-13 -1.000000000000000000e+00
-4.366579386550727054e-13 6.733786851317661079e-13 -1.000000000000000000e+00
-4.966445812715620412e-13 6.752974834203840171e-13 -1.000000000000000000e+00
-4.663558164076888088e-13 6.648795735362561930e-13 -1.000000000000000000e+00
-5.730407492017983542e-13 6.773825243017837627e-13 -1.000000000000000000e+00
-4.278533768386867611e-13 6.781894175625301571e-13 -1.000000000000000000e+00
-4.175440819268642543e-13 6.953150350111134738e-13 -1.000000000000000000e+00
-3.580586475278813966e-13 6.840646023975471042e-13 -1.000000000000000000e+00
-4.961535428300381240e-13 6.972787036271580977e-13 -1.000000000000000000e+00
-4.398920904809860599e-13 6.702060827970280666e-13 -1.000000000000000000e+00
-3.077089641848082928e-13 7.156111101650208477e-13 -1.000000000000000000e+00
-1.323565827658952335e-13 7.071733990108297652e-13 -1.000000000000000000e+00
-4.634632919149680285e-14 7.033422552470403769e-13 -1.000000000000000000e+00
-4.882357695253913803e-13 6.634190779754766912e-13 -1.000000000000000000e+00
-3.644362044051694238e-13 6.844266627005398368e-13 -1.000000000000000000e+00
-4.036238835544152960e-13 6.751722518304108727e-13 -1.000000000000000000e+00
-4.013548479909080178e-13 6.932558547993628459e-13 -1.000000000000000000e+00
-3.705875993116975466e-13 6.857874857372375358e-13 -1.000000000000000000e+00
-3.660162839772894665e-13 7.114628570938933693e-13 -9.999999999999998890e-01
-5.229788399652782213e-13 6.799713345322736133e-13 -1.000000000000000000e+00
-4.797317691811503528e-13 6.893535429356575617e-13 -1.000000000000000000e+00
-3.274773808357707663e-13 6.991523265262298515e-13 -1.000000000000000000e+00
-5.362958286315301488e-13 7.113687882149856934e-13 -1.000000000000000000e+00
1.971702082900445607e-14 6.366069789026627891e-13 -1.000000000000000000e+00
6.003428952827936439e-13 6.786475525227418748e-13 -1.000000000000000000e+00
4.627630135597086976e-13 6.782988955732599701e-13 -1.000000000000000000e+00
4.529259290626632372e-13 6.749628614584526037e-13 -9.999999999999998890e-01
4.647404178417499685e-13 6.696870254559811379e-13 -1.000000000000000000e+00
