2.537135233097747573e+02
1.580433523861001675e+02
2.428176529700226922e+02
1.461049398903190024e+02
1.492668488305078256e+02
2.614538499834563368e+02
1.579670559329420314e+02
2.816187900421628569e+02
1.715301107874006163e+02
2.689881045914657989e+02
2.925672062640322793e+02
1.695342100306264399e+02
2.877570268538000846e+02
1.851460834474363537e+02
2.746706120708026333e+02
2.993363861352831918e+02
1.814744275210746878e+02
2.686758793825432576e+02
1.953962510951138256e+02
2.587667947677823008e+02
2.766612309008338002e+02
1.898204361924303214e+02
2.491228338043858628e+02
2.003103398165448255e+02
2.445639021582181840e+02
2.529319960606169673e+02
1.942082710280381548e+02
2.355403332903326827e+02
2.048217154940216460e+02
2.315165661571315354e+02
2.390370163941602186e+02
1.983051140980983007e+02
2.093668568458371055e+02
2.116796565145431259e+02
2.029394506532620710e+02
2.138529030886332976e+02
2.029327658634987301e+02
2.182304388039543142e+02
2.186360273760373047e+02
2.112681514358143886e+02
2.197638499450474399e+02
2.045023929322787808e+02
2.044370350623501906e+02
2.201681619935063452e+02
2.028609871013497923e+02
2.012144904734982731e+02
2.012748425753414949e+02
2.431079316459729398e+02
2.154556634031604574e+02
2.478307324863873191e+02
2.345000319249932659e+02
1.926129031966707714e+02
2.374386101571733150e+02
2.054192578760693664e+02
2.475797751210287458e+02
2.243160937119878611e+02
1.795759376351817593e+02
2.243633034334340550e+02
1.919458652611179161e+02
2.381893748188849713e+02
2.087728809151045084e+02
1.643611707437590326e+02
1.982165867589736763e+02
1.430331973740670719e+02
1.792646367526370739e+02
1.232813689586049435e+02
1.279275209335060595e+02
2.155437293048464085e+02
1.460019177372502384e+02
2.189343293530333767e+02
1.665000062088372204e+02
1.959335697609429019e+02
2.387660882999264231e+02
1.666495782157863346e+02
2.307573925712656830e+02
1.864181871808540336e+02
2.118040290956780325e+02
2.465946495047568305e+02
1.836025744027434143e+02
2.079751865919036220e+02
2.080736907556433835e+02
1.863169761617751021e+02
2.286418034632292802e+02
2.044792144867364811e+02
2.044160388812390465e+02
2.287401409220091466e+02
1.835332962375975399e+02
2.221684584333453074e+02
2.222270602769170296e+02
1.975575767490975068e+02
2.458544739297603883e+02
1.800798903943706364e+02
2.119941441454100186e+02
2.362639697053444081e+02
1.900756739160687516e+02
2.589025863500611990e+02
1.765985275354669284e+02
1.987682433240671003e+02
2.446292668301249762e+02
1.950034824450087569e+02
2.687872814225111142e+02
1.847750314371114371e+02
1.999100995412146631e+02
2.491777566774981381e+02
1.897555446506501085e+02
2.767754867883231782e+02
1.814035631215813851e+02
1.941493516543180249e+02
2.529911287769717489e+02
2.436102578540347565e+02
2.838063920093898673e+02
2.361208042128932334e+02
2.467450471553925126e+02
2.555381681915319518e+02
2.567770234464081796e+02
2.840128027368492667e+02
2.562384025813289554e+02
2.557292182169959744e+02
2.542443567684105972e+02
2.585658089865444822e+02
2.776805487127762717e+02
2.649234070326627943e+02
2.543678716221552634e+02
2.499242271328069478e+02
1.305804287077817776e+02
1.415810869805171137e+02
1.415504542704415201e+02
1.306155363638195865e+02
1.243652466182390839e+02
1.578622418827213778e+02
1.419322242790414350e+02
1.347783405147412168e+02
1.576694667296358716e+02
1.315871580634096460e+02
2.303427793652738274e+02
1.472128368721247114e+02
1.337354579293886445e+02
1.471708773873862697e+02
1.492134714168742278e+02
2.536874239500547219e+02
1.579150990229287004e+02
2.614334371470576457e+02
1.458318541091164775e+02
2.428157211605699501e+02
1.577415546504055897e+02
1.340556592163612493e+02
2.303152253691803821e+02
1.475173089688537971e+02
1.316311095573261980e+02
2.155113783916316663e+02
1.472600148988436217e+02
1.278794549875483852e+02
1.981905406352944681e+02
1.459445378545031815e+02
1.232199437758872733e+02
1.792466983063542330e+02
1.429596565354146946e+02
1.348576459886397174e+02
1.578276767169055006e+02
1.577611160894851139e+02
1.243195350336217757e+02
1.418749327417807535e+02
2.776068460854508544e+02
2.587966109527523599e+02
2.838858928993757900e+02
2.650959014910208680e+02
2.498829626310219112e+02
2.546040563076177818e+02
2.541986440161914231e+02
2.305586734991742333e+02
2.479698298711319921e+02
2.372181853501386968e+02
1.989176203174553450e+02
2.383743142845455338e+02
2.083277647330723710e+02
1.915831624420578123e+02
2.245534010898134056e+02
2.050449127740558026e+02
1.643232666548856287e+02
2.089530547016273943e+02
1.795405520404504216e+02
1.803337232759804749e+02
1.887407486523666762e+02
2.003391649875644305e+02
1.650848661296078319e+02
1.702800202750894130e+02
1.837021579508002844e+02
1.567602000488909368e+02
1.568895156891539386e+02
1.701455641519031872e+02
1.649714766903342138e+02
1.885780394021053326e+02
1.835665497186300001e+02
1.803139778421882511e+02
2.003095942559967853e+02
1.984541361570308595e+02
2.477434632061073785e+02
2.078282035104535908e+02
2.304760446590693164e+02
2.371282728152474135e+02
2.560609798155406907e+02
3.123015229035517564e+02
2.457853951472613403e+02
3.229473531101876347e+02
2.566004650995050724e+02
2.836746101561568025e+02
2.361427196130866548e+02
2.230307295994238359e+02
2.436093299117410140e+02
1.761964293347685384e+02
2.612376372486023115e+02
1.620565920850206112e+02
1.896411137737302113e+02
2.457461826304046895e+02
1.800235703762542983e+02
1.644196641749788057e+02
1.974861206141312095e+02
2.116822662939904944e+02
1.869002852714632752e+02
1.867793765287024428e+02
2.306149795116012342e+02
1.664198548588170183e+02
1.960217245047738572e+02
1.672671491635132384e+02
2.190176619351448437e+02
2.555681062895349385e+02
2.554773743830419335e+02
2.527921041040090699e+02
2.400797955006532050e+02
2.474162483483608241e+02
2.136069802843397838e+02
2.372905884842180910e+02
2.150591659750808446e+02
2.241775735422243940e+02
1.925593242713968891e+02
2.047547632708695176e+02
2.196941666743710186e+02
2.048840125363533389e+02
2.102255538396379109e+02
3.047998538608172794e+02
2.550620980403278679e+02
1.672089808249267548e+02
2.467410544819415463e+02
2.481268638947780403e+02
2.478351975067469368e+02
2.431128583443769173e+02
2.345000884466276716e+02
2.196863526024702367e+02
2.464437226055048029e+02
1.665892418137929099e+02
2.610836434553538652e+02
1.644786273708235456e+02
2.745351492880568003e+02
1.624378642348893607e+02
2.875796640882043675e+02
1.712002322132040604e+02
2.991409136945110276e+02
1.694788806192728714e+02
3.121067712644229459e+02
2.230021444412861342e+02
3.228258722324575274e+02
2.458721649219680501e+02
2.529428193768620758e+02
2.130988929995995420e+02
2.400015276324648141e+02
3.048779371363342534e+02
2.102123002330816348e+02
2.926646081752548412e+02
2.817211812893570482e+02
2.691165716765845559e+02
2.551569717752366557e+02
2.388484554118512904e+02
2.481225336011759168e+02
2.133480963199644691e+02
2.389672163402028673e+02
1.982447849549630234e+02
2.088746761193272334e+02
2.354716630810950733e+02
2.314486713724000424e+02
2.044229940405746220e+02
2.262029841048277774e+02
2.038505386206511503e+02
2.119179289940177853e+02
2.262836020751341266e+02
2.362091486359369412e+02
2.024623150083239125e+02
2.033786029906377451e+02
1.983165379676429154e+02
