9.884127606672223010e+01
1.086584755880550830e+02
1.004962205277540903e+02
1.101077341288464737e+02
9.749967280944082404e+01
1.119925551324164985e+02
9.426563116956035060e+01
1.162236353252442029e+02
1.068134737647204275e+02
1.256952408897645768e+02
1.436711690225785105e+02
1.257759795606979196e+02
1.299622932831504727e+02
1.636409024117876641e+02
1.457389018688892577e+02
1.581029231278618568e+02
1.484549729456940952e+02
1.354439688396496138e+02
1.898516835812416730e+02
1.775058781673714918e+02
1.817107339492312690e+02
1.817756819094888669e+02
1.483902766074407111e+02
2.300631126592463431e+02
2.258313339167399363e+02
2.260285057153311072e+02
2.302048660787675942e+02
1.776267089314660268e+02
2.813261180209158852e+02
2.811294560510644374e+02
2.882130332363861385e+02
2.820717835380785345e+02
2.364623993566379454e+02
2.995660204320865319e+02
2.925579729052443554e+02
3.162651844011506341e+02
2.902958378838461044e+02
3.083030337287119664e+02
2.588639479816831681e+02
2.353572342639994019e+02
2.505200862799273409e+02
2.482878934714683226e+02
2.934499752537365680e+02
1.861175567415625665e+02
1.711106144509273861e+02
1.613893098415268810e+02
1.182918201805256615e+02
1.281368831324529367e+02
7.953050612400902253e+01
7.849665868039937777e+01
9.407216694529333267e+01
9.304499754923941168e+01
9.305009931939282808e+01
9.407656659175535196e+01
7.850115695218205758e+01
7.953458158337666362e+01
1.177729321378679828e+02
1.177677877433641527e+02
1.188489169192323516e+02
1.174590651582595768e+02
9.546400819255138970e+01
1.563703846748140052e+02
1.553174378818906973e+02
1.493803672491077634e+02
1.472997241980632452e+02
1.196588997137469477e+02
1.862106667677112171e+02
1.922502779088746649e+02
1.848996831474243550e+02
1.805937875342823702e+02
1.519860124451617480e+02
1.929222263420409718e+02
2.003956035081104972e+02
2.399062921837512761e+02
2.005464730415056920e+02
1.613727469023494052e+02
7.573250253245427643e+01
8.370583696892379066e+01
6.557026146572852099e+01
7.352105450444355483e+01
8.271271817993701347e+01
9.260315205015409390e+01
9.961928729946218652e+01
1.034641136399520462e+02
1.034146507249698601e+02
8.375437586432299497e+01
1.362123887924709322e+02
1.323676437856458676e+02
1.321998605318215994e+02
1.361057721014586832e+02
9.950792174159066406e+01
1.866619955375394682e+02
1.868292887151161210e+02
1.735110951331471654e+02
1.860000981551210941e+02
1.236527969145174666e+02
2.457771236475990122e+02
2.591485205673831160e+02
2.354735538692909813e+02
2.504127900777181424e+02
1.712153550582902142e+02
2.927642236688448065e+02
3.166379613801760229e+02
2.901821920747572676e+02
2.933102524239166655e+02
2.482023830766178776e+02
2.819041379025235301e+02
3.086214144851938386e+02
3.056576037878930379e+02
2.352860225896041300e+02
2.385870125951092859e+02
9.794865696040004366e+01
1.236123258455066605e+02
1.734805414232114913e+02
2.456277277313790535e+02
2.994157343243109040e+02
2.880523807261287743e+02
2.363266882195894993e+02
1.909729830971381546e+02
1.973209749626905420e+02
1.571681431934605655e+02
1.244388182864820749e+02
1.204319195030613940e+02
1.441603469051337072e+02
1.400287120631869584e+02
1.124722134798406614e+02
1.085331674039685481e+02
1.101112621493112869e+02
9.672953828155876010e+01
1.170583420022510950e+02
1.230986957784019751e+02
1.354286565901383597e+02
1.170744795112641299e+02
1.580835587356909855e+02
1.257156601188309821e+02
1.898590907221036730e+02
1.458334222942467306e+02
2.353219073562613346e+02
1.910807720359659925e+02
3.055815520742087870e+02
2.383832584429107442e+02
1.973888017615799697e+02
1.572400414971490648e+02
1.636733665128200528e+02
1.257712537125561312e+02
1.436852425823564090e+02
1.119362397473049242e+02
1.299801444592267785e+02
1.101291505592654829e+02
1.231178230318846403e+02
1.293312671786301848e+02
1.293504651935750189e+02
1.113177258234118341e+02
1.439102101192893315e+02
1.317348885729541621e+02
1.670886821156579742e+02
1.775532908826222922e+02
2.005637199027566169e+02
1.613790582149598265e+02
2.004046431485705853e+02
2.399273733377392830e+02
1.805861460581770359e+02
1.849128735862956887e+02
1.472904380260012829e+02
1.519965625596229586e+02
1.929397412389861586e+02
1.922552387037304413e+02
1.656469438411051840e+02
2.047459996521972698e+02
1.340910104316361640e+02
1.632668277255054079e+02
1.113300013678683626e+02
1.340787907679669502e+02
9.673831847598167144e+01
1.438946355102518737e+02
9.427577556910583212e+01
1.124888314363643644e+02
9.750001769593293943e+01
1.086117805914930159e+02
1.068218012703450484e+02
1.162913153431030935e+02
1.493386805324178681e+02
1.174604989979022065e+02
1.196275567821504069e+02
1.861604190628369224e+02
1.553314464477352317e+02
1.929507782819347028e+02
1.979073616524564727e+02
1.632157273896250729e+02
1.930023282884224898e+02
1.316948576182429065e+02
1.656235339517271257e+02
1.084946414700216053e+02
1.670718378322067394e+02
1.004687323036312705e+02
1.204378117065636928e+02
9.881478004080993571e+01
1.100606304768145094e+02
1.188736588638724072e+02
9.548313083676715962e+01
1.564040438235213912e+02
1.979409959435310782e+02
2.047813865721099091e+02
1.775828643257568160e+02
1.441899146646881320e+02
1.244600216155335346e+02
1.400432750316461181e+02
1.614370516264690423e+02
1.281992441346838518e+02
1.182979489255130829e+02
9.797686520735193483e+01
9.259752039143286595e+01
8.261759224695792625e+01
7.574388721155901294e+01
7.356137273718069025e+01
6.557383693624713317e+01
