1.262403552148550943e+03
1.401527802898658365e+03
1.456395535690698807e+03
1.194844028022911516e+03
1.118904007673040951e+03
1.294765684916521877e+03
1.010881973842704838e+03
8.977405012483112614e+02
1.033777467508531799e+03
8.702912398554939273e+02
7.334839798198119070e+02
8.243224035057583023e+02
7.763832647933609223e+02
6.505157580719526322e+02
7.062723146743339839e+02
7.180385054240616682e+02
6.714251617781939103e+02
7.005310399508614410e+02
6.862573001876951366e+02
6.822090035282843701e+02
7.432715635265116134e+02
7.592294750908595233e+02
7.144774277967626404e+02
8.064666428226120161e+02
8.493418053868311972e+02
8.170729528529944901e+02
9.474964510840894718e+02
9.783878597240092176e+02
9.419223908584575611e+02
1.105624197509988107e+03
1.141243990142786743e+03
1.062724989692169629e+03
1.237546882401069524e+03
1.315652340929512093e+03
1.269935213608564936e+03
1.432790779626171343e+03
1.478340199075590135e+03
1.486072250617022519e+03
1.559652526352387667e+03
1.551918756666755371e+03
1.643596792278575322e+03
1.565344366416731418e+03
1.473662105824838363e+03
1.817281129225536006e+03
1.574393889686312377e+03
1.230671134744915662e+03
1.390685873997882254e+03
1.144685645849099956e+03
9.845066711076381125e+02
1.040045766886613137e+03
8.653509749976402645e+02
8.095682561795533729e+02
8.342010337036294914e+02
7.233404134290018419e+02
6.983675532251286313e+02
7.108796026315814061e+02
6.388297691128223050e+02
6.258712355533700702e+02
1.177023106693036425e+03
1.437928767638537238e+03
1.278032829500264597e+03
1.334933762535591086e+03
1.401259103351169188e+03
1.541754367118055598e+03
1.193278777151150962e+03
1.149062016771893695e+03
1.359505165552743165e+03
9.824439820036815263e+02
8.708121022692556608e+02
1.061392437533525936e+03
7.918485123616625287e+02
6.888215994228472709e+02
8.234648613011603402e+02
6.573858060920761091e+02
5.662518515730099580e+02
6.512044414915305879e+02
5.727085542272910743e+02
4.873738992183911591e+02
5.373875034255313494e+02
5.229825047917491929e+02
5.033522157038004821e+02
5.315106791561139516e+02
4.950990739383107666e+02
5.061193633733717547e+02
5.590746753739142605e+02
5.846908889051256892e+02
5.417297675198270781e+02
6.250401959361902300e+02
6.682366425059371977e+02
6.018952735698344441e+02
7.216529949383603935e+02
7.883450625831973184e+02
7.584282611036765047e+02
9.328411968449768210e+02
9.634273183555440028e+02
9.868850281294554634e+02
1.209090545362030753e+03
1.186910944485256323e+03
1.224876486152305688e+03
1.423530378119891793e+03
1.387633310595247394e+03
1.445547790936499723e+03
1.501759702002375889e+03
1.446846715183595734e+03
1.611494941081588422e+03
1.432075720484690237e+03
1.271290029022406543e+03
1.504366872399958538e+03
1.211873723662857174e+03
9.823676143376022765e+02
9.970399606808298358e+02
8.236153024311408899e+02
8.099892220352261347e+02
7.568642041795220621e+02
6.508324213286390432e+02
7.033929881531297497e+02
1.105642810512919141e+03
1.415229258104937799e+03
1.312711048805764449e+03
8.953221692054710275e+02
1.142619142505119271e+03
1.387659774258918560e+03
1.502010089303802943e+03
1.475049135810868393e+03
1.171545999812235550e+03
1.358333022544472442e+03
1.549904499408489528e+03
1.372002103916196120e+03
1.420290846137417702e+03
1.460171879670803492e+03
1.447836922817540653e+03
1.429921099277358508e+03
1.098266144976704481e+03
1.156493505173098129e+03
1.573657898025287068e+03
1.303978020905320591e+03
1.143890061648151004e+03
8.425165160400139257e+02
8.884926115294848614e+02
1.421290508112038424e+03
1.026445460995884559e+03
8.944075032218253227e+02
6.709363117207502683e+02
7.233268816118717268e+02
1.132811146610750484e+03
7.877598929252926609e+02
6.477089895088153071e+02
5.861317050705578140e+02
5.635086380397588073e+02
7.804693989609963864e+02
6.545952126701636189e+02
5.484540231627522644e+02
5.500447958437443958e+02
5.130903386477057211e+02
6.195416488005811289e+02
5.829309155355822440e+02
5.106854412262506457e+02
5.524531428350089755e+02
5.138450468718823458e+02
5.444357580708265232e+02
5.484664445377911761e+02
5.188214411331911151e+02
5.853968724993883370e+02
5.524397736332362001e+02
5.217364510634184853e+02
5.449419827708030653e+02
5.638796547506462957e+02
6.179051091548826662e+02
5.276309154536105552e+02
5.804630802444935398e+02
8.333348103227597221e+02
7.939429813030234300e+02
9.296639264360637753e+02
9.151734797370495471e+02
1.107199229655269164e+03
1.073403417189661923e+03
1.281196942910382404e+03
1.248055892509188425e+03
1.387359646945524219e+03
1.397364133510329566e+03
1.512631283539513106e+03
1.476935155252330333e+03
1.523328343619169800e+03
1.440471766536248879e+03
1.414037417826624051e+03
1.289021556955795177e+03
1.330483812023250266e+03
1.044892951635249347e+03
9.418598377042146694e+02
8.418209060629836813e+02
7.293620704107975143e+02
7.054883443654542816e+02
6.362268894452204222e+02
5.910984269501255994e+02
5.710975003294720409e+02
5.410127460350556703e+02
6.566524194310970870e+02
6.094200939547065445e+02
7.636187249039646758e+02
7.260845241066808740e+02
9.395404841319040088e+02
9.561488680255788495e+02
1.198210367071418659e+03
1.391361427380845726e+03
1.371404936701035922e+03
1.594480061573824514e+03
1.311297054720450888e+03
1.513524461444423878e+03
1.098332750417179341e+03
1.247053304986186276e+03
8.817994826143747105e+02
9.547369386123656341e+02
7.348498647073004122e+02
9.647275991896743790e+02
9.528459987875536399e+02
1.094221166422068109e+03
1.115035533407810362e+03
1.290885391157589538e+03
1.296953406666521460e+03
1.432571768629979942e+03
1.447200398169587970e+03
1.452451143337717212e+03
1.511624992302512283e+03
1.459381967261900854e+03
1.457945552300644067e+03
1.371949294699286611e+03
1.306251503557136402e+03
1.213613211864106916e+03
1.105522034135245121e+03
1.106512375070135022e+03
8.811742972675427836e+02
7.828155928627890034e+02
7.217807544941986180e+02
6.259766420832165750e+02
6.179660522696784710e+02
5.712625830875742849e+02
6.172814463574346746e+02
7.423571364364374858e+02
7.780380676486279299e+02
9.188281570060088370e+02
1.013210351386516663e+03
1.152560608385851538e+03
1.300944103625440903e+03
1.365222376755122013e+03
1.555546557180848595e+03
1.404366989224580266e+03
1.571251868869761665e+03
1.224603599608578406e+03
1.159002053439899328e+03
1.021769856811266209e+03
8.802539762909500496e+02
8.673104888669996626e+02
7.386306748603085452e+02
7.376881220578218290e+02
1.145264833585272527e+03
1.210269506419765776e+03
1.288628625674518162e+03
1.401520618258778768e+03
1.448446449348471333e+03
1.556801277566011777e+03
1.484491455424798005e+03
1.607176029202635846e+03
1.375633036148700057e+03
1.529369440019557032e+03
1.286858807518940239e+03
1.356170886184020219e+03
1.154174584988198831e+03
1.137890836830438957e+03
1.005313578467329762e+03
9.290757009530420873e+02
9.207717642049815367e+02
7.427278914919385215e+02
6.662970128115535999e+02
6.257144943531179706e+02
5.540319307431070683e+02
5.532334143790552616e+02
5.325401495369171698e+02
6.387198502127928350e+02
7.653161055217110516e+02
9.549256521840602545e+02
1.194543117118789496e+03
1.390959567435817689e+03
1.421069420144189735e+03
1.302409138493870387e+03
1.055052472503452236e+03
1.128132047087326555e+03
1.351312608649143840e+03
1.494615411730191227e+03
1.448573134164377052e+03
1.650258743129686536e+03
1.489167381440201098e+03
1.687996158488501578e+03
1.390247550519813785e+03
1.591619161347393174e+03
1.192826399936243433e+03
1.407352710646405512e+03
1.056598331290232409e+03
1.176013698584754138e+03
9.305884611401176016e+02
9.516270602356089512e+02
8.295904046712613535e+02
7.751499636559052533e+02
7.857801143655125315e+02
6.393031975522651464e+02
5.878020419908142458e+02
5.601562507220760381e+02
5.131778017520015283e+02
5.186282161857463961e+02
5.277413262540582082e+02
1.517995043714831354e+03
1.614181499920055785e+03
1.499426518963002536e+03
1.659595100707348138e+03
1.404311502230543056e+03
1.571233242996114313e+03
1.217318627614641855e+03
1.395782843168564796e+03
9.882153873263436026e+02
1.189339947468927221e+03
8.526885679302513381e+02
9.838968645527114631e+02
7.518870739053859324e+02
8.038881354590706678e+02
7.001606379125548756e+02
6.734685484931424071e+02
6.967863154776764532e+02
5.833967017738473260e+02
5.391944729562949306e+02
5.339649964127994508e+02
5.072630171833507120e+02
5.272225429995435206e+02
5.647768068603738811e+02
1.549064602320225276e+03
1.638786600025676762e+03
1.657436327657256243e+03
1.462773825599364045e+03
1.613890135098827159e+03
1.250175090569526674e+03
1.455693920615369962e+03
1.018905615080371604e+03
1.254534943780172625e+03
8.036252774313276177e+02
1.067986862066340791e+03
6.940019501724208340e+02
9.076532012129325722e+02
6.269792569662831738e+02
7.812221437641062494e+02
5.989424141969592483e+02
6.783636037592900720e+02
6.098640330704598682e+02
5.896578568934145324e+02
5.307560895189029679e+02
5.797480368569276834e+02
5.525501394247779672e+02
6.239370639040238302e+02
6.649507630285252162e+02
1.200909330153320752e+03
1.408461104579666880e+03
1.138930409504667750e+03
1.120037064091241746e+03
1.005527299820302460e+03
8.820923437916181911e+02
8.669191895168388555e+02
6.932501496850627518e+02
7.553465158078212198e+02
6.071015887704952547e+02
6.673154392646019915e+02
5.620665602443135640e+02
6.010677052435664791e+02
5.520045053562728299e+02
5.525657691508977223e+02
6.001260458531752420e+02
5.414830559742839569e+02
5.897277279844468012e+02
5.991586515459102884e+02
6.647983137156977591e+02
7.104669223372746956e+02
8.436332725971792570e+02
8.456575565787319420e+02
1.022887516016604422e+03
7.452034472133628924e+02
7.897656050786596325e+02
6.523450348094513629e+02
6.266379477730801000e+02
5.854134062132361578e+02
5.601549095711735617e+02
5.380881593021666731e+02
5.373349538141287667e+02
5.127264112342419367e+02
5.590555240733187929e+02
5.190379034700303009e+02
6.615266310442607391e+02
5.794512403125812625e+02
7.112553027339029086e+02
6.997632286080004178e+02
8.576720352112631645e+02
8.916227481754181099e+02
1.109141911500154720e+03
6.541252011532723145e+02
7.125171092357522866e+02
5.770027073931995574e+02
5.810490391791203137e+02
5.322587481537699432e+02
5.388496439687511383e+02
5.114717381122575262e+02
5.470314456072802614e+02
5.212910624647882969e+02
6.097992514181194110e+02
5.715854488148355586e+02
7.837978688514128862e+02
6.925811984933291114e+02
9.057294235842928174e+02
8.857076764280583347e+02
1.122499428666237463e+03
1.149432074198111195e+03
1.380714293883076152e+03
5.570505036718838028e+02
5.428998602537953957e+02
5.214145985902853226e+02
5.446710363186380164e+02
5.284763041812229858e+02
5.861523654555470557e+02
5.682533896195826628e+02
6.981797071287710423e+02
6.560984956990904493e+02
9.689665358992846222e+02
8.395644357574293508e+02
1.165528647415791738e+03
1.097633747253879392e+03
1.377279755076624042e+03
1.351147906064386234e+03
1.505485163114166426e+03
5.410289036503290845e+02
5.795032266013829485e+02
5.784172878899820489e+02
6.438327916817835330e+02
7.685060761414349599e+02
1.009110830121255731e+03
1.273275631310139488e+03
1.395985003717653171e+03
