1.399555594098560505e+02
1.905723722000376483e+02
1.237835131341991826e+02
2.054900832878253993e+02
2.095972369915224931e+02
1.614209952260310672e+02
1.887681988338055703e+02
1.385278267065949649e+02
1.781058343474971934e+02
1.247103613246496820e+02
1.573377588225443162e+02
1.705936757807777724e+02
1.463933296881846786e+02
1.676437234876879927e+02
1.345358005709941551e+02
1.632371207311041417e+02
1.543492832330643409e+02
1.164973252299422768e+02
1.616937792110722114e+02
1.095619348788496694e+02
1.270936181785685335e+02
1.441569671178012584e+02
1.281163301857125703e+02
1.583202701801712351e+02
1.239609946123096904e+02
1.359384717293732763e+02
1.366883271902528065e+02
1.346265544158305545e+02
1.596646956245494664e+02
1.357020808834020045e+02
1.367318459620924784e+02
1.345825323899034061e+02
1.596642828871937922e+02
1.694208726636356630e+02
1.694214452332392966e+02
1.583193596714191926e+02
1.356570605861913634e+02
1.269475200817080633e+02
1.833248262943288012e+02
1.409221591951900905e+02
1.219300162992995240e+02
1.400722999949305176e+02
1.315735840323445700e+02
2.020261888054547796e+02
1.504237928215835041e+02
1.231977302630408246e+02
1.476808642374056717e+02
1.216844954018788201e+02
2.225105007159467618e+02
1.423928124293589406e+02
1.115021698333799236e+02
1.569981160259680451e+02
1.318526210732705692e+02
2.471019083262772540e+02
1.567785028527885345e+02
1.189992731250177087e+02
1.688433332166440266e+02
1.584945773047075193e+02
2.778724521756635113e+02
1.898310128140824986e+02
1.419784454515335881e+02
1.844048659541742552e+02
1.613622249188529736e+02
2.144933620828615517e+02
1.901343249055585147e+02
2.429955848817619426e+02
2.096544620753907964e+02
1.399040173493711166e+02
1.888324461984438756e+02
1.575374545200230045e+02
1.885099658946968191e+02
1.836439262146720068e+02
1.387006153453912987e+02
1.706319900378093450e+02
1.630602212487297606e+02
1.643530465450578220e+02
1.873119158002428151e+02
1.462315254841990679e+02
1.544025710947782670e+02
1.271222699456775729e+02
1.486098064152557470e+02
1.429871123085157478e+02
1.165193738707428537e+02
1.442043946545865651e+02
1.359616157574274666e+02
1.486334890749241140e+02
1.281347259189425358e+02
1.219190271018711513e+02
1.243487934449026966e+02
1.205888431359956456e+02
1.269362343973034939e+02
1.401178561422237863e+02
1.231743512077199796e+02
1.271088121290505200e+02
1.192942592745294377e+02
1.315495840590463104e+02
1.477260657265924237e+02
1.115473955804684465e+02
1.313685232833204566e+02
1.062354993302581931e+02
1.217364105552638449e+02
1.570489320802487896e+02
1.188360694384365530e+02
1.377318362250565258e+02
1.113097119200276524e+02
1.316744424720546363e+02
1.688792006598018816e+02
1.421421381284167751e+02
1.462872149015160801e+02
1.323287679866338067e+02
1.586833447742644410e+02
1.844631052566837468e+02
2.512214486735610421e+02
2.121838858779509280e+02
2.284683950640148566e+02
1.800215775183374944e+02
2.046686969037235144e+02
1.647312945645134334e+02
1.819014544284055148e+02
1.731404230820930081e+02
1.589660778520652684e+02
1.589817570759433920e+02
1.409066929978225176e+02
1.833218854955333086e+02
1.071958242847266973e+02
1.218762856592091453e+02
1.294055769298954033e+02
1.256097145196662552e+02
1.179368703690560523e+02
1.310647606244774011e+02
1.156204683551096224e+02
1.379744694205782878e+02
1.170721042438145219e+02
1.247381658994492284e+02
1.107194043791446205e+02
1.077148760410297541e+02
1.081435557140632540e+02
1.040543393300448543e+02
1.070453883744217762e+02
1.182007049283690918e+02
1.643736435283121295e+02
1.429540707962339070e+02
1.620472272806304090e+02
1.620134827337204797e+02
2.151648947005596710e+02
1.900179680424699598e+02
2.113817689624474383e+02
2.180381431276123863e+02
2.182743998942374617e+02
2.463182590234230247e+02
2.054732313467014251e+02
1.237415146124796763e+02
1.905644015793261019e+02
1.248708144362344825e+02
1.780870389075794549e+02
1.343917634781839467e+02
1.676413999732323248e+02
1.095841959115709585e+02
1.616921846766810233e+02
1.239791052785281806e+02
1.503929407714178694e+02
2.020162799801644269e+02
1.424512028941404935e+02
2.225065349926696570e+02
1.565626764112245155e+02
2.470601655053376646e+02
1.900506941892957400e+02
2.778609403056585734e+02
1.379772104571824514e+02
1.155821311702395917e+02
1.310709987204721472e+02
1.180911331323261777e+02
1.256114703489723468e+02
1.292685427053669969e+02
1.218838775714813067e+02
1.072183057541921443e+02
1.205970524809921045e+02
1.243689352747255583e+02
1.731054100642795390e+02
1.819139215089802235e+02
1.648036755920824419e+02
2.046964319007592792e+02
1.797807171116988059e+02
2.284709411174046636e+02
2.124228494898449071e+02
2.512436190388347370e+02
1.377667904038691233e+02
1.321786102137937746e+02
1.463105570631246337e+02
1.313927719641264957e+02
1.114612733664324224e+02
1.271324892889338258e+02
1.061901253138389905e+02
1.193131872786235732e+02
1.885607205257688008e+02
1.875186093057292851e+02
2.145186605308789467e+02
1.834182111689200667e+02
2.430465875522164367e+02
1.902184802228437661e+02
2.463889589378772769e+02
2.183770328317079930e+02
2.180894817753564041e+02
2.111336194339298515e+02
1.900908875667396671e+02
2.154081978715459513e+02
1.182158904908421704e+02
1.070711410038513236e+02
1.040074827926703023e+02
1.081713353577058854e+02
1.078606863172173433e+02
1.107515178759800847e+02
1.245985386310168224e+02
1.170955297774376334e+02
1.225699288956129038e+02
1.087871274169413880e+02
1.281338982737010497e+02
1.193333622146742385e+02
1.133033821405806094e+02
1.266667870224793262e+02
1.995190002955662578e+02
1.995544305625035975e+02
2.210091730849174496e+02
1.858031447270700767e+02
2.360784719487567145e+02
1.942837188283349121e+02
2.391021986678048279e+02
2.138799166798901865e+02
1.281470710226561778e+02
1.087516425386737495e+02
1.225857922695089997e+02
1.134510249140380154e+02
1.193452591418177633e+02
1.265343663071201377e+02
1.858906197995182765e+02
2.210610125767955481e+02
1.940309438617083799e+02
2.361191632438252554e+02
2.141305974075236804e+02
2.391594764227368728e+02
2.137330263905542722e+02
2.138359794744682461e+02
2.357471123709800906e+02
2.358516912755262354e+02
2.499858036441481772e+02
2.532716414415929478e+02
2.400082768243924249e+02
3.046916276069035234e+02
2.822055717927949559e+02
3.049992234646745146e+02
2.825179679891274418e+02
2.399030904757358371e+02
2.496589491311522409e+02
2.529496668493595450e+02
1.839240860112460894e+02
1.954397760233599683e+02
2.011302220484951135e+02
1.602384910317809954e+02
1.800978969422840521e+02
1.801824675931311788e+02
1.514042195002300843e+02
1.799834578770652342e+02
1.516040213590768246e+02
1.600429095161248370e+02
1.798540118177044178e+02
2.008796889960478893e+02
1.839982476083106633e+02
1.955169242032810359e+02
1.038291017284583546e+02
1.105940691255703285e+02
1.052261199235599776e+02
1.253952541711277604e+02
1.962448988287687257e+02
1.961578327021343284e+02
1.929857419987587264e+02
2.406979619301639843e+02
2.521345861115660512e+02
2.410178231134137263e+02
1.240753441950982108e+02
1.075654380581956815e+02
1.927421338933776269e+02
2.523762557415521428e+02
1.051820701667237188e+02
1.107338340260322127e+02
1.037785635605512482e+02
1.252689258884509513e+02
1.077060966408884184e+02
1.239541141303818961e+02
