1.187946279142680851e+03
1.418229554953163188e+03
1.395614514245797636e+03
1.209855982122517389e+03
1.052954711415375186e+03
1.243756371495503345e+03
1.018735242699499167e+03
8.702542545255540745e+02
1.023027923666231345e+03
8.659697154013754243e+02
7.451663963330793194e+02
8.516609001116768241e+02
7.596248036115404147e+02
6.814203535584645124e+02
7.469072497542367728e+02
6.943121306053806165e+02
6.944678229709219295e+02
7.258810011136566800e+02
6.629947702737099462e+02
6.633552285433289626e+02
7.279868572655641401e+02
7.905192333302468342e+02
7.242118197789826581e+02
8.260863489461252129e+02
8.924403560712826220e+02
8.430150147488569701e+02
9.848660431203372809e+02
1.034511561726382979e+03
1.000059432511484374e+03
1.171889290900925289e+03
1.206868156605692093e+03
1.178761542623955620e+03
1.350990774181653023e+03
1.380022926129821371e+03
1.380779535005328853e+03
1.497997935412663082e+03
1.498644337407750982e+03
1.561432876795092398e+03
1.567405922835473802e+03
1.506435593267928880e+03
1.622947582209359780e+03
1.514438883655114751e+03
1.399925922161621429e+03
1.628770461118827370e+03
1.421730418590599584e+03
1.195037584597092064e+03
1.366481278776642284e+03
1.133286941057060858e+03
9.640222413397384571e+02
1.050198723259391272e+03
8.740476889140644516e+02
7.894928876369033333e+02
8.130255044709216463e+02
7.050874623976495741e+02
6.819758955325041825e+02
6.720796488246567151e+02
6.043420791429246037e+02
6.135255066791623904e+02
1.207683580794827549e+03
1.384062821121228581e+03
1.256610766338139229e+03
1.324469644119985787e+03
1.354768189331251961e+03
1.440673185877786864e+03
1.229971666846396147e+03
1.172718590992848931e+03
1.354807524148597167e+03
1.042979372519166645e+03
8.904100418263241181e+02
1.085460054113243814e+03
8.453600397851568005e+02
6.931688844658474409e+02
8.392106803243783588e+02
6.977443343391203143e+02
5.827928725268320704e+02
6.807681041164634053e+02
5.985447514566778864e+02
5.268806470140833653e+02
5.896329946157554787e+02
5.346237969856051677e+02
5.240582157184678636e+02
5.613971786686703354e+02
4.959907640280136434e+02
5.132800784822329661e+02
5.773572795605855390e+02
6.242479946593615523e+02
5.770778319707544597e+02
6.745159922198812410e+02
7.206576204864169313e+02
6.809342793450882709e+02
8.180869153987362097e+02
8.570989677720483542e+02
8.394556628437578638e+02
1.015363245034796591e+03
1.032642896064058277e+03
1.057889554789177510e+03
1.248658689167374177e+03
1.223353379625875959e+03
1.300351618239216350e+03
1.435504205832832895e+03
1.358689810807880349e+03
1.488556356163197734e+03
1.475766090507391937e+03
1.346147826598930124e+03
1.511750192961830862e+03
1.320671492636434550e+03
1.155071999416557674e+03
1.267982391181896219e+03
1.032584196400781138e+03
9.194053154836195745e+02
9.118063271295036429e+02
7.575431991735053998e+02
7.647548442489611489e+02
7.182745836010409448e+02
6.183149347947027081e+02
6.643017274069413816e+02
1.192573331232856390e+03
1.401952641404241376e+03
1.345745895347778287e+03
9.960702075652612848e+02
1.212252558218276590e+03
1.358011926166621379e+03
1.423318122319105214e+03
1.379089921085585274e+03
1.201507824129474329e+03
1.369266272140228466e+03
1.429059593905678184e+03
1.282771254119545119e+03
1.287959857991695571e+03
1.401027311250232287e+03
1.398050994280068608e+03
1.339549925691674161e+03
1.037839876418657695e+03
1.093687978367186133e+03
1.484857177081649752e+03
1.253835479864974332e+03
1.087795423939642205e+03
8.062515067294401661e+02
8.548798757098631995e+02
1.338351677838860724e+03
1.004840580005816378e+03
8.239465586983999401e+02
6.521154565104146741e+02
6.683763215633679238e+02
1.041246431152253763e+03
7.893042379726734907e+02
6.326337607332244488e+02
5.687052815038728113e+02
5.482804567800537825e+02
7.675167894308959831e+02
6.557041762090541397e+02
5.294428617653534275e+02
5.326501207337573760e+02
4.931028920539083629e+02
6.012420841122083175e+02
5.842785633993320289e+02
4.858998716094457109e+02
5.316117907728311138e+02
4.852342461083149487e+02
5.181114000224678193e+02
5.512835715023119292e+02
4.986703140325874983e+02
5.573747606002715429e+02
5.251400169602017058e+02
5.034451202539050882e+02
5.448833152232265320e+02
5.548539061326232513e+02
6.026249971361393136e+02
5.331299503602234608e+02
5.637731156307198717e+02
8.304762139945945592e+02
8.494814397297440109e+02
9.680159265974360778e+02
9.915083311659045648e+02
1.159410283281295960e+03
1.166259332622924831e+03
1.350468328010206051e+03
1.345236192310525666e+03
1.480497871986166501e+03
1.475409878526492093e+03
1.522593115757033274e+03
1.500989083839297564e+03
1.476167173732339279e+03
1.411008035243576387e+03
1.339329703811270974e+03
1.237369365582466799e+03
1.199484557285329629e+03
1.016790849559732351e+03
9.364215654467834611e+02
8.216815384952193426e+02
7.375664955696664720e+02
6.865278128906560369e+02
6.207409347409254678e+02
6.350842725506372517e+02
5.412754699303008010e+02
5.947086553436714667e+02
6.980742937541409674e+02
5.805627934566392696e+02
8.072279686767789144e+02
7.113369273855269057e+02
9.875988560911047216e+02
9.498773042177607522e+02
1.221723482140000669e+03
1.277736767143346469e+03
1.382006867257839303e+03
1.500628545217214196e+03
1.358162622611552706e+03
1.462493037921238283e+03
1.195889547479999237e+03
1.239799403795402213e+03
9.950970514187076787e+02
1.001498538372933012e+03
8.197558624125383631e+02
9.789595227987783801e+02
1.000216453588268678e+03
1.148732351785824221e+03
1.181004596961455491e+03
1.340694303543434444e+03
1.362415970084004130e+03
1.477597695358194869e+03
1.489779309027375120e+03
1.499732403234045023e+03
1.509443570638923575e+03
1.428422102427318805e+03
1.415930862279557459e+03
1.303492863268432757e+03
1.244128387220601098e+03
1.132576992447606699e+03
1.038505972926265713e+03
9.963238266869442441e+02
8.366717493366040799e+02
7.826808437172729782e+02
6.843219460763858706e+02
6.364948980958952234e+02
5.843318363234267281e+02
5.611613319360143350e+02
6.843086894668878131e+02
8.109465112813292080e+02
8.198967807087115034e+02
9.935904571190427532e+02
1.030514117658124633e+03
1.204180961943319517e+03
1.300711749023794027e+03
1.367942254417395361e+03
1.493669623233264701e+03
1.377815588033670565e+03
1.434243723264475875e+03
1.224849914620999471e+03
1.143636673769075060e+03
1.034710440717466099e+03
8.564207644132317228e+02
8.919501478719420220e+02
6.892641066389926436e+02
7.842858605886736996e+02
1.170287054638867858e+03
1.214323105490808530e+03
1.338838312364455078e+03
1.404415155594179396e+03
1.470996662312942590e+03
1.534739154862121268e+03
1.497243848753590783e+03
1.554490425095256569e+03
1.400250022113218620e+03
1.455285647779979172e+03
1.247693581880218517e+03
1.275029625587868850e+03
1.091198823127670721e+03
1.063421390979560783e+03
9.350182023534933933e+02
8.668073830348085949e+02
8.311200768643888068e+02
7.027185433702460386e+02
6.686964386817453487e+02
5.899435538031507349e+02
5.653717316791411349e+02
5.198063656979958296e+02
5.261850380165764136e+02
6.731831513938274156e+02
8.135234778842408332e+02
1.006322254677058368e+03
1.223877885463962684e+03
1.366730401344526172e+03
1.365840266739846356e+03
1.258680736913700684e+03
1.005087189913775887e+03
1.118112365327290263e+03
1.374977891534182163e+03
1.448229794950435235e+03
1.479356469408927524e+03
1.588633394732331681e+03
1.495180582633128324e+03
1.612790647429283354e+03
1.399784769002612848e+03
1.515419450384169750e+03
1.215307496362798702e+03
1.330710939780059334e+03
1.027624702338487623e+03
1.111012245831781684e+03
8.812347687907132467e+02
9.016582868019227135e+02
7.712811605714200596e+02
7.387998116646908784e+02
7.088943225534451358e+02
6.176578522623991603e+02
5.881516198078231810e+02
5.383682087856906264e+02
5.221472485878339285e+02
4.962166988871566105e+02
5.224260009029020466e+02
1.536509961619564592e+03
1.556696386565050034e+03
1.522638671780259756e+03
1.599741856644164272e+03
1.408669785359232037e+03
1.513165701230303512e+03
1.223908251403924851e+03
1.337352179528895704e+03
1.009978549550973185e+03
1.132220809848526414e+03
8.345808440989796964e+02
9.394722560116590557e+02
7.162852091152707317e+02
7.749916823073946262e+02
6.518424843175560000e+02
6.564243368377867682e+02
6.246977182621351403e+02
5.733010172549115850e+02
5.333839988902478808e+02
5.197977123288128496e+02
5.123128731529944844e+02
5.109600789234688136e+02
5.588751895674188290e+02
1.414907798845429397e+03
1.632571905010558794e+03
1.510101080098139164e+03
1.482521570401809186e+03
1.469748592360786915e+03
1.261243006777754772e+03
1.322379535396021538e+03
1.038951183611689430e+03
1.137710105932624629e+03
8.383907865929626269e+02
9.666134258346249908e+02
6.935602141809554269e+02
8.262268785750809457e+02
6.071008205797197661e+02
7.178476393397138509e+02
5.642577807264499370e+02
6.311572712996095333e+02
5.457067538366442250e+02
5.532681827664973753e+02
5.149956465329612456e+02
5.358988544665380687e+02
5.510598186696347511e+02
5.756119628096695351e+02
6.504742674090704213e+02
1.184396631455811075e+03
1.413100844771640595e+03
1.114589273760311471e+03
1.130364609123033233e+03
9.838812201401842685e+02
9.040110485643524498e+02
8.493441500947005807e+02
7.263703403231958191e+02
7.379293335764945141e+02
6.079753281046645270e+02
6.530467592293352936e+02
5.433946303623704353e+02
5.900942805839106313e+02
5.166690216339296740e+02
5.432884528812988947e+02
5.293435133735484897e+02
5.281936869160614378e+02
5.646432892004613677e+02
5.789511808341976575e+02
6.571713160245425343e+02
6.861542503546914986e+02
8.180506290530865954e+02
8.284510507304792100e+02
1.034075583963264535e+03
7.323232776684787950e+02
8.145134607439839556e+02
6.432886028805478418e+02
6.580078391536292202e+02
5.755093352810321221e+02
5.599892520384942145e+02
5.281850468245472712e+02
5.163806414856967422e+02
5.019665235934961061e+02
5.197977029687534696e+02
5.061339672067447282e+02
5.791737489372366099e+02
5.572313174506039104e+02
6.746605232972520980e+02
6.682761775652027154e+02
8.386899972304950097e+02
8.506188999957682881e+02
1.060299239096922747e+03
6.184888185898963684e+02
7.443130097505514868e+02
5.487440468420030584e+02
6.136950511205066050e+02
5.051084888345852733e+02
5.379648867027839287e+02
4.838639148415505247e+02
5.222289153197862106e+02
4.906589996688445581e+02
5.630917971372668944e+02
5.349685735051182291e+02
6.781490459246901992e+02
6.348808055492629592e+02
8.439236464446230457e+02
8.048591211219778643e+02
1.076565964090263151e+03
1.043188951471658811e+03
1.304638574473430253e+03
5.288272883994196718e+02
5.798513146394458317e+02
4.957046336652239802e+02
5.412915313551097825e+02
4.997908532062098743e+02
5.562337390738484828e+02
5.346280365824835599e+02
6.407748266068531393e+02
6.130306364157288499e+02
8.282251204153428716e+02
7.636800449178671215e+02
1.070405252028864879e+03
9.905222963184266973e+02
1.318601733782335714e+03
1.232737443883698234e+03
1.450825345087421965e+03
5.373062312025417668e+02
5.720587063276324216e+02
5.688314561063353949e+02
6.315058546379802920e+02
7.488247864293683733e+02
9.535895449615325106e+02
1.203997913548611223e+03
1.361106207432855172e+03
