245.5703889336282657
160.5477381086370769
234.6465799334652615
149.5062965123696017
153.7242950766654985
252.6537682442359767
 160.914391178885694
282.7314608963592377
173.3489471621471409
270.0615561438092982
292.3812764583368562
170.6883856858780746
 296.063468911744792
184.9992713462779079
284.5635519777599143
305.5768675077772514
180.3106031189471992
268.2121335326659732
194.9621866738832239
258.3408306915783328
 276.958723372253985
189.1240260407901701
251.2187173791552937
202.2649320660909495
243.9848041079849281
 256.732274939721151
194.7598208716187003
242.6868810372495773
206.5756053528064911
238.5076146113179902
 246.571451765609936
198.7987819283422652
205.1233342001405902
212.2795881046470754
199.5049438652274034
209.1742506528479169
202.9087691450112629
219.7693413886620704
218.9541807434944474
 213.096695096118907
221.8456695490471304
205.0050496718264412
  204.72794263459798
221.0137700535559588
202.6517120439947632
201.8148812646406043
 202.093533230640503
241.8493304998182793
215.8388022240826558
247.0057962018915418
231.3867156277034383
191.6226732176215251
237.6929352835093141
 202.997026727977584
250.5294197681133994
221.3963616887672572
175.3145136047774031
224.6296114197712086
187.0769895096758546
240.5545597370380619
207.8419058470267942
158.4971213139219799
187.7114251252544648
144.8973097365787908
168.6151141731373855
 125.471621351044945
124.0434800597138292
 205.626995396820746
142.1520022790492987
212.8433819859109235
172.9405345295758991
185.0043151108870063
236.0041402849962822
165.4238102099971286
234.5520481959360097
203.8744944055425208
203.6963319953606515
255.6196572137430394
186.5826327281471038
223.2484537367305109
223.0457278972433528
204.0752437850970296
235.7868221594405327
199.3035696773840186
199.0010515891762566
235.5341582710452144
186.3279892334992667
214.8907087831093747
215.1921566105191914
 197.340561977532019
247.7797158527723695
184.8316093973169529
215.5922984421911792
233.3463243816106285
181.3114003026960006
 258.035475954561889
170.9000902317217196
 192.278424289190923
244.2911991597200085
 195.727447670699064
267.9216613032440364
185.7482450846262623
203.0683297302103369
 251.562858407369788
188.8764576143938996
276.6228608108287403
180.1086039416233575
194.5028603765538833
257.0680331720996037
240.9547301755898445
285.2537619543859364
232.2517917212333316
245.4423429905465923
261.4359848818175465
261.2050839550440173
288.6452756948805245
257.7806136848789151
261.2459923033779319
261.4250735414587439
265.6341717132432905
286.4070782385451253
267.9109692962844065
260.8898400147593293
 256.653170291112815
134.9980719614470388
140.4735776558311215
140.2731095595398187
 135.195553253666219
127.0847889738456615
151.9375453416115818
138.8245505051652913
125.4584842537111484
142.5252365645740156
132.6411474974413807
221.8655716501282598
149.0053801077187643
130.5745010265924009
143.4665082360009194
153.4951179715890248
 245.215495861404122
160.7351732132914037
252.3472900382585067
150.0385540556138437
234.2321949217948145
161.1413618378474268
130.1936498809459408
221.4907265077808347
143.0472374856479405
132.7067123103907988
205.2636371368634514
149.0613752283466908
123.8529526592910059
187.4050027441987254
141.9060576003114704
125.5793706200302324
168.3286785145550937
144.9869979414028478
125.1830634527668735
151.7201514897321317
 142.181783900063607
127.0778577170618178
138.8042140849045154
 286.598347614701936
 264.780642579466587
289.0132624220172488
267.2348840390554869
256.2235657152397152
260.0175436223857446
261.0149238729495096
235.7282864592818612
251.1890763244649349
244.5669008092103525
190.3762809424339366
239.7820728424171364
201.7689944065445218
187.8077980768817952
223.8548836616223525
203.7309463489045243
158.2878497531765163
207.1435538227870268
175.0281152631959003
171.2713982746045076
187.8776491709820107
190.6230386330563817
162.5729225660046495
172.2373052231145891
 178.313550375582281
163.3397995030677521
162.7946884295686232
172.7808764643136499
162.6662569915628467
188.4761645248009359
178.4665284727649919
171.5761371879246724
  191.03104772585516
190.8619322520456194
252.0407222664954361
202.3320938287975537
235.5587747205403275
244.4160964479147822
258.0929129748245714
315.7318622619238226
250.8857378107910563
 322.873861163781612
261.4891482927886841
285.6527614199264349
232.6983255593706019
222.4744454625787853
241.4664318392093207
171.3187479182301729
271.7758982325636339
158.3631155522940617
181.7686558287218475
248.0450696607341285
 184.685177715651605
168.3815266605097918
197.2045599369492095
204.1062981260599543
168.8678851615794088
 169.280305579322004
235.0505512167371762
173.0483585980969394
184.9492682214031731
158.4559299862302169
212.8031274447371572
261.4679012500898239
261.0894300189619912
257.7358978745307923
248.3350007612836237
250.7137165673322272
208.7968819119665511
237.8146302923124722
216.6372698737903022
221.5218545375038275
191.3335809508353407
199.4907886868056153
212.6792197518957721
199.3380351164109072
213.9604300187456545
300.7371175465523834
255.2861568759266788
158.4383712733738889
245.9452818633893116
247.8170911495277267
247.4764648090958019
242.2895968717524227
231.8197163253425686
  213.11398273533203
256.1338783869962867
165.1504319043768589
272.3454589383428015
168.4695617625366424
285.1399094127648937
157.9354674215354919
296.7106339289230164
174.0241352854151557
306.2128654432333974
170.4962801717334742
316.3139253542227607
222.0817703979575413
323.2587493397728053
 250.775183585035137
257.5540379753435332
209.3604045799258699
248.1421742414136418
300.6752111705608854
213.6408401214438584
292.3942535971061147
282.7593585391367697
270.0108069803883382
255.2455030700940597
235.9339018194090727
247.3320629106899844
209.7213464281023505
246.3586265192870428
198.5353350337293818
205.6626878795447055
 242.478989494849543
238.2938496824768038
207.3842380862861603
232.6225674346817414
197.9309854074488157
215.4346793692409392
 232.780489132407439
233.0251176511848712
200.0347160151145829
198.4593744690018013
192.7497967438497426