45.79141682812687719
45.88979478739021545
74.46893974769284341
74.54786467919736026
30.55558802971474108
30.59054806019099715
30.55652930271338619
30.59231623446214954
 95.5195139100191426
95.51117603562933311
  74.523327008869515
74.50127730977568774
22.60867094599775129
  22.570094536017276
 22.6094337702653263
22.57116390753855839
95.52550446342593204
95.50598620932672134
74.53960528139401731
74.48788023593020569
74.49453966987088904
74.53436186998732182
74.48859166627977402
30.53844988979099284
 30.6089940127422544
30.54114702326441133
30.61225399287463134
30.52218590743551019
30.62769152420145602
30.52637801208503276
30.63333175676271125
30.57341358035074563
22.60867095343319022
22.58947443589093851
74.54786555719542207
74.46893972744200596
45.88979488371743543
45.79141677070234806
95.52266138891620528
95.52241745293535757
95.51142000074653993
45.84686243950525153
45.79987936362970657
30.60869433105676052
30.55558779944447778
30.57341356957391909
 22.5894744310857476
22.60867108241208712
30.61230944772925966
22.64917617440346476
22.55406348953611939
45.84686197580945333
45.81584223451073257
45.84328883929596543
 45.8147029453939254
74.50127688917925184
74.52183584882099865
74.49898077069717317
74.51571724980168199
45.82916489026064255
45.83025706339149963
45.83025708476819915
 45.8291648741622879
95.52526018740678637
95.50574223020714726
74.53960520742909068
74.48788024120814555
74.49898079852947319
74.51004603499234236
30.61230946727537727
30.54119410139481161
 30.6089368015545773
30.53840482154124913
74.52335291821385965
74.48861036102447031
74.53433748281295834
74.49451771911057563
30.55677226438081817
45.84661846696837273
45.79966564094491588
45.85806777659136202
45.81584222988195165
74.48861033873775739
45.88335318653759742
45.77301342313132437
30.64745562980095883
22.58947442889505197
30.55558804392959971
30.57341359601639752
45.87351445636235781
45.78582069450041558
45.88310983585731151
45.86426771972635663
45.80327941900254984
45.85802708597975652
45.79963564567659517
30.63333204577274671
30.52637785961613659
30.62769143392576154
 30.5221853527057263
 30.5907907435606532
30.57331123427066544
45.83001349696212401
45.81445928517221233
74.47870073321826112
 74.5312936283650771
 30.6087515427040664
30.53844988005901229
30.61225397330311893
30.54090400676460249
22.58927981692845677
22.58927984295892699
74.53129347084180267
74.47870038690486183
74.48788024153992637
22.55406347944565226
22.64917616881898255
30.52218588202321214
45.79141676718822396
45.88979492362796009
74.46893972624648939
74.54786559903175203
22.62846880768039526
30.59231625180566638
22.63055791084406465
22.55169325275473113
95.51951336624490807
95.51975730932437614
95.51416709828760077
95.51392314077371282
30.59079067554656817
 30.5567721905910652
30.57306847822606244
 30.5730684791603764
22.63055791192560662
22.55169325417325865
22.62846881551049805
95.50842052089986112
74.53129347050921183
22.55400130743304388
22.64917591052061141
30.54095108527028657
30.53840481179526378
 45.8158423544375637
74.48859164397936183
74.52183641748976584
74.52183645217645847
 45.8580270882749943
 45.8158423591002304
74.51004598481011953
74.49898148990375546
45.84328879974060555
74.51004595343206915
 74.5083337385104727
74.50833368967884951
74.51004600361397934
30.52662097322345502
 30.6333320712055972
30.52218532733870049
 30.6279337533787448
30.62793384366590033
45.78606445060443519
45.87351445802651995
 45.7914168246121065
95.51693121225021343
95.51668726194749581
95.51668724304013836
95.51693119334343862
30.59231593398033056
 30.5565293764940229
30.59054812820559732
22.57009453747560812
22.57116391408202816
22.60943377178788793
74.49453966775591596
95.50866449317537388
30.57331123333575817
45.81445986889823985
45.83001347558653293
95.51143781609066252
 95.5111938510231937
95.52239853619001053
95.52264247222467475
45.84328883548974432
45.82916486925873301
74.51571724397726371
74.49898146206656691
74.50127730690816463
95.50842074137656823
74.53129362803940694
45.87351448983256574
45.80324651981997164
74.53433744500185298
74.52183588350115429
45.85806777888983277
45.78606471108268039
45.86447245806701289
95.52526053098283398
95.50866471364767563
22.60943434645233907
22.57116416603134823
22.57009453647387787
45.84328879593234518
45.84661893064053118
95.51392338008599836
74.51571724559202892
74.50833374087376626
95.51416733760018474
22.62854182815215154
22.57116415948440036
30.59231595129141823
45.88311061809231006
45.78582095496434334
45.88335396881263506
45.87351449154006389
45.77276963729442372
30.64769782893977279
74.52335291752167734
74.49451771699250457
74.53436183219564271
74.52332700817456157
  74.478700741198125
45.80324652336099689
74.50833369204144674
22.64917590493909216
22.55400129735603088
74.47870039488202565
45.80327942254562146
30.63333178219052755
30.52662112569009523
22.62854183598962621
22.55175326795219704
22.63048558584333492
74.51571725141533875
45.86451114430180098
74.50127689204086323
 45.8642290331283391
95.52550411984881862
22.60867107497419326
22.58947442408990725
30.57341358523829911
30.55558781365375154
45.82916488535309441
22.58927981542775498
22.58927984145788059
30.64769778557001345
45.77276965448242407
45.81470352914990229
95.51975785309602429
74.48788023559934857
74.53960520372893939
95.50598621032145275
 30.6474556731732406
45.77301340594270584
45.79990935861129486
22.60943434492619986
22.57009453501555285
74.54786472102772166
74.46893974649717052
45.88979482729346415
22.55175326653576917
22.63048558475999883
74.53960528509479389
95.50574222921383694
