1187.946279142680851
1418.229554953163188
1395.614514245797636
1209.855982122517389
1052.954711415375186
1243.756371495503345
1018.735242699499167
870.2542545255540745
1023.027923666231345
865.9697154013754243
745.1663963330793194
851.6609001116768241
759.6248036115404147
681.4203535584645124
746.9072497542367728
694.3121306053806165
694.4678229709219295
  725.88100111365668
662.9947702737099462
663.3552285433289626
727.9868572655641401
790.5192333302468342
724.2118197789826581
826.0863489461252129
 892.440356071282622
843.0150147488569701
984.8660431203372809
1034.511561726382979
1000.059432511484374
1171.889290900925289
1206.868156605692093
 1178.76154262395562
1350.990774181653023
1380.022926129821371
1380.779535005328853
1497.997935412663082
1498.644337407750982
1561.432876795092398
1567.405922835473802
 1506.43559326792888
 1622.94758220935978
1514.438883655114751
1399.925922161621429
 1628.77046111882737
1421.730418590599584
1195.037584597092064
1366.481278776642284
1133.286941057060858
964.0222413397384571
1050.198723259391272
874.0476889140644516
789.4928876369033333
813.0255044709216463
705.0874623976495741
681.9758955325041825
672.0796488246567151
604.3420791429246037
613.5255066791623904
1207.683580794827549
1384.062821121228581
1256.610766338139229
1324.469644119985787
1354.768189331251961
1440.673185877786864
1229.971666846396147
1172.718590992848931
1354.807524148597167
1042.979372519166645
890.4100418263241181
1085.460054113243814
845.3600397851568005
693.1688844658474409
839.2106803243783588
697.7443343391203143
582.7928725268320704
680.7681041164634053
598.5447514566778864
526.8806470140833653
589.6329946157554787
534.6237969856051677
524.0582157184678636
561.3971786686703354
495.9907640280136434
513.2800784822329661
 577.357279560585539
624.2479946593615523
577.0778319707544597
 674.515992219881241
720.6576204864169313
680.9342793450882709
818.0869153987362097
857.0989677720483542
839.4556628437578638
1015.363245034796591
1032.642896064058277
 1057.88955478917751
1248.658689167374177
1223.353379625875959
 1300.35161823921635
1435.504205832832895
1358.689810807880349
1488.556356163197734
1475.766090507391937
1346.147826598930124
1511.750192961830862
 1320.67149263643455
1155.071999416557674
1267.982391181896219
1032.584196400781138
919.4053154836195745
911.8063271295036429
757.5431991735053998
764.7548442489611489
718.2745836010409448
618.3149347947027081
664.3017274069413816
 1192.57333123285639
1401.952641404241376
1345.745895347778287
996.0702075652612848
 1212.25255821827659
1358.011926166621379
1423.318122319105214
1379.089921085585274
1201.507824129474329
1369.266272140228466
1429.059593905678184
1282.771254119545119
1287.959857991695571
1401.027311250232287
1398.050994280068608
1339.549925691674161
1037.839876418657695
1093.687978367186133
1484.857177081649752
1253.835479864974332
1087.795423939642205
806.2515067294401661
854.8798757098631995
1338.351677838860724
1004.840580005816378
823.9465586983999401
652.1154565104146741
668.3763215633679238
1041.246431152253763
789.3042379726734907
632.6337607332244488
568.7052815038728113
548.2804567800537825
767.5167894308959831
655.7041762090541397
529.4428617653534275
 532.650120733757376
493.1028920539083629
601.2420841122083175
584.2785633993320289
485.8998716094457109
531.6117907728311138
485.2342461083149487
518.1114000224678193
551.2835715023119292
498.6703140325874983
557.3747606002715429
525.1400169602017058
503.4451202539050882
 544.883315223226532
554.8539061326232513
602.6249971361393136
533.1299503602234608
563.7731156307198717
830.4762139945945592
849.4814397297440109
968.0159265974360778
991.5083311659045648
 1159.41028328129596
1166.259332622924831
1350.468328010206051
1345.236192310525666
1480.497871986166501
1475.409878526492093
1522.593115757033274
1500.989083839297564
1476.167173732339279
1411.008035243576387
1339.329703811270974
1237.369365582466799
1199.484557285329629
1016.790849559732351
936.4215654467834611
821.6815384952193426
 737.566495569666472
686.5278128906560369
620.7409347409254678
635.0842725506372517
 541.275469930300801
594.7086553436714667
698.0742937541409674
580.5627934566392696
807.2279686767789144
711.3369273855269057
987.5988560911047216
949.8773042177607522
1221.723482140000669
1277.736767143346469
1382.006867257839303
1500.628545217214196
1358.162622611552706
1462.493037921238283
1195.889547479999237
1239.799403795402213
995.0970514187076787
1001.498538372933012
819.7558624125383631
978.9595227987783801
1000.216453588268678
1148.732351785824221
1181.004596961455491
1340.694303543434444
 1362.41597008400413
1477.597695358194869
 1489.77930902737512
1499.732403234045023
1509.443570638923575
1428.422102427318805
1415.930862279557459
1303.492863268432757
1244.128387220601098
1132.576992447606699
1038.505972926265713
996.3238266869442441
836.6717493366040799
782.6808437172729782
684.3219460763858706
636.4948980958952234
584.3318363234267281
 561.161331936014335
684.3086894668878131
 810.946511281329208
819.8967807087115034
993.5904571190427532
1030.514117658124633
1204.180961943319517
1300.711749023794027
1367.942254417395361
1493.669623233264701
1377.815588033670565
1434.243723264475875
1224.849914620999471
 1143.63667376907506
1034.710440717466099
856.4207644132317228
 891.950147871942022
689.2641066389926436
784.2858605886736996
1170.287054638867858
 1214.32310549080853
1338.838312364455078
1404.415155594179396
 1470.99666231294259
1534.739154862121268
1497.243848753590783
1554.490425095256569
 1400.25002211321862
1455.285647779979172
1247.693581880218517
 1275.02962558786885
1091.198823127670721
1063.421390979560783
935.0182023534933933
866.8073830348085949
831.1200768643888068
702.7185433702460386
668.6964386817453487
589.9435538031507349
565.3717316791411349
519.8063656979958296
526.1850380165764136
673.1831513938274156
813.5234778842408332
1006.322254677058368
1223.877885463962684
1366.730401344526172
1365.840266739846356
1258.680736913700684
1005.087189913775887
1118.112365327290263
1374.977891534182163
1448.229794950435235
1479.356469408927524
1588.633394732331681
1495.180582633128324
1612.790647429283354
1399.784769002612848
 1515.41945038416975
1215.307496362798702
1330.710939780059334
1027.624702338487623
1111.012245831781684
881.2347687907132467
901.6582868019227135
771.2811605714200596
738.7998116646908784
708.8943225534451358
617.6578522623991603
 588.151619807823181
538.3682087856906264
522.1472485878339285
496.2166988871566105
522.4260009029020466
1536.509961619564592
1556.696386565050034
1522.638671780259756
1599.741856644164272
1408.669785359232037
1513.165701230303512
1223.908251403924851
1337.352179528895704
1009.978549550973185
1132.220809848526414
834.5808440989796964
939.4722560116590557
716.2852091152707317
774.9916823073946262
    651.842484317556
656.4243368377867682
624.6977182621351403
 573.301017254911585
533.3839988902478808
519.7977123288128496
512.3128731529944844
510.9600789234688136
 558.875189567418829
1414.907798845429397
1632.571905010558794
1510.101080098139164
1482.521570401809186
1469.748592360786915
1261.243006777754772
1322.379535396021538
 1038.95118361168943
1137.710105932624629
838.3907865929626269
966.6134258346249908
693.5602141809554269
826.2268785750809457
607.1008205797197661
717.8476393397138509
 564.257780726449937
631.1572712996095333
 545.706753836644225
553.2681827664973753
514.9956465329612456
535.8988544665380687
551.0598186696347511
575.6119628096695351
650.4742674090704213
1184.396631455811075
1413.100844771640595
1114.589273760311471
1130.364609123033233
983.8812201401842685
904.0110485643524498
849.3441500947005807
726.3703403231958191
737.9293335764945141
 607.975328104664527
653.0467592293352936
543.3946303623704353
590.0942805839106313
 516.669021633929674
543.2884528812988947
529.3435133735484897
528.1936869160614378
564.6432892004613677
578.9511808341976575
657.1713160245425343
686.1542503546914986
818.0506290530865954
  828.45105073047921
1034.075583963264535
 732.323277668478795
814.5134607439839556
643.2886028805478418
658.0078391536292202
575.5093352810321221
559.9892520384942145
528.1850468245472712
516.3806414856967422
501.9665235934961061
519.7977029687534696
506.1339672067447282
579.1737489372366099
557.2313174506039104
 674.660523297252098
668.2761775652027154
838.6899972304950097
850.6188999957682881
1060.299239096922747
618.4888185898963684
744.3130097505514868
548.7440468420030584
 613.695051120506605
505.1084888345852733
537.9648867027839287
483.8639148415505247
522.2289153197862106
490.6589996688445581
563.0917971372668944
534.9685735051182291
678.1490459246901992
634.8808055492629592
843.9236464446230457
804.8591211219778643
1076.565964090263151
1043.188951471658811
1304.638574473430253
528.8272883994196718
579.8513146394458317
495.7046336652239802
541.2915313551097825
499.7908532062098743
556.2337390738484828
534.6280365824835599
640.7748266068531393
613.0306364157288499
828.2251204153428716
763.6800449178671215
1070.405252028864879
990.5222963184266973
1318.601733782335714
1232.737443883698234
1450.825345087421965
537.3062312025417668
572.0587063276324216
568.8314561063353949
 631.505854637980292
748.8247864293683733
953.5895449615325106
1203.997913548611223
1361.106207432855172