203.1821974540507938
176.1253066614544309
192.6573467606810652
186.6220180771221067
192.7521960146355013
157.9916227966317024
174.6190423145856698
189.4574853040788014
199.7105740416251649
182.5391777396536099
194.7999482298097575
188.9298507414148673
205.7136271950474509
179.5679085020752836
135.7194059498809509
92.41728957677347012
85.69645293144625953
87.78756755849141769
 90.3633657539599966
88.30218955842923378
97.27388220777741878
101.3507246511610305
114.7552341969599752
94.65133460646282515
108.0876349862042218
108.1344749897498758
126.3480487413673075
132.9523462946752943
186.0530829116275129
186.2535294901537384
201.8995731656752355
170.3456253697353588
 108.515278098268567
95.27045609232769152
110.5536496038929783
125.8314438612520831
126.2307286082669151
147.6133028117043295
147.7464381911077282
147.4001664920078269
169.0660837048985741
169.2845815862598897
154.7787482582160976
125.5830398892290987
150.6156662523046066
 128.788030854701816
147.6964073105217494
169.2192752602313135
172.0654683421945776
187.0351318968928922
184.0403526296503856
  179.49577241768921
182.7827289549351235
190.3395071777875103
185.2847753669259987
163.5254477439972334
195.3367955105865974
180.2564562499482008
184.3299101855227491
 186.566111559625682
197.8510584539276067
187.2987604196745224
 172.219279343105967
180.5472091031265904
159.9053060725995579
166.6903755293018321
180.8087672742514087
190.1162008176480356
193.2222040256258992
204.1601203066852861
 175.642010349295191
151.9377714566198563
172.9474936418579318
147.2317315753494142
 134.161926201854385
147.7060360382448891
 121.230101300592878
120.8104103449300482
141.5434429742603015
172.9138999233152276
150.7130409977703209
173.4863750602094115
129.1610617847104834
110.5638225699179742
127.1257083745712748
104.6501004709870415
 98.7277876939459702
107.0741785236273103
90.44827701037073098
88.11685862150760329
99.78114292948768593
128.2009781354666984
113.3479069687268321
131.9197862511387598
91.94027911590734448
83.25742077561541521
97.94158994280782338
85.16547849152080119
77.60296361093870132
87.62165104289269379
75.82235704838932122
73.45736258052519929
76.92151252152250152
98.93725360761877141
76.71857141479556219
85.92663475929602157
74.00266195795460078
70.58629973964306714
69.72590704369022774
67.74189133904269511
73.72705685677703968
 65.7456982261709868
73.64684933046892468
75.72659144863584402
72.02623068392264827
67.26898748597571398
66.20198660633580801
65.06453342877857438
71.63382339376713048
81.93270608501768493
74.52902066849117091
  90.065851741978463
89.12814795445156335
84.18262805266611792
107.7931255198355558
113.7141021673911041
90.26938387559569321
69.74314152769181874
91.08105795274188665
74.97436053137769818
97.97842813458865407
112.4265629882765722
 114.424626978316013
143.9398605086561531
137.2918671818381426
 137.667599783701661
166.2285887691421067
172.5229282686796353
143.8964265806009166
107.5345092145770707
143.1065469033483168
113.7096049647523586
141.8136364850306279
163.9193236221599932
169.7320403039963992
183.2058145904497621
179.6937970776615714
183.7858436915065568
177.2063443014579889
176.6515346128076374
186.6106893333010248
169.7466689460854923
172.1128058897202209
160.4766245476459119
175.5665605348471274
173.1204703231763062
165.5330081534231397
145.3358589002632186
 157.004633231935685
150.1855773816532462
126.1050600673331417
121.2891003864841366
154.8965933319346675
171.9882651545385386
150.9950936722168251
  169.69751808881648
154.4369447398895829
133.5076566757922762
127.5028347647888296
106.1093414680506442
 104.679130227071937
98.00640980230043908
81.79843001076369546
 89.9607660057687184
100.6913724139358095
  118.66487100419765
162.7841574002114555
 183.277986288084179
177.2064492285373376
 168.825710658039327
104.4613526673167456
150.6442367437802261
133.4740160211861451
121.6418780590817192
130.8206443086797321
182.6154342454633195
110.3041137598727488
107.0596363019423194
134.0395065498415477
72.47067366343890171
78.01219180048431667
84.51136138351942861
89.20076889470283277
91.58620669198937492
104.5952964961665117
78.58863805744815068
159.4618151663442518
76.83851954079834456
92.36985000807999313
90.01689892063832588
79.25796965752461176
86.47224496277684125
78.46400911631867814
75.62977755856783801
70.09975027696097527
66.96829719796623692
66.21648370283014629
 69.6593479128776778
200.0445999925244109
176.9886009327801162
182.3751572164148627
154.2656341692594424
 157.340942310196084
155.7733764429119674
 156.708347012786021
134.2443373488756606
152.5870799805881006
157.6580656477219406
129.1045951804546235
161.7612900618207163
131.1726732489478593
 138.817834792989288
173.8383652589291728
147.0175282115830555
130.3206152415191923
141.2755715815555675
96.94636942714579675
112.3165759040681451
110.2808738869688767
 98.9420769419590016
115.4607090456335214
134.6219607755151912
117.0004706122674492
112.7297553042835858
152.7764944279569761
156.4848081837885445
141.9166993726259705
176.4257056860153625
193.3266398645164088
168.1682338407621842
184.9917405074040744
196.3934220630559366
201.3949602189698282
198.4608056661145383
113.6506726450771225
173.9086168092753155
190.4665594926767369
181.6586762614535075
 192.494449948811166
195.1078338053473828
175.4287214095457728
162.1271939671953817
188.5544325701602304
205.2171908260451119
161.2937828508700591
137.9682838604200015
151.9817812186828405
161.2698085803692436
136.5728481990920216
 113.463620027587055
136.0518354327737995
187.5930556571510124
 117.870793558886362
96.64522735754512439
 115.191951185861555
99.71294414865276678
84.93618175367295464
82.06151992501862935
94.69074528062675711
118.7288755697820193
83.65435200763484147
73.29809064335140079
74.40646386722087868
70.80848080757311891
 64.7389574399954455
67.42677949037675944
72.16288724903682805
80.91018439167278586
 69.9537823669367782
69.12924236455141624
63.74372451180538945
67.32797605250597428
72.88027211442411613
 74.8711678365207689
66.88202498996011514
68.08322128511611027
78.14275863413826073
91.31641121409218442
85.89045655980244476
 90.0662114712513926
112.0253688651314263
113.4943863638872728
87.71177778064227937
77.44442012165406197
112.0245213816215966
141.3983131192328813
141.2538140277961531
138.1891192737069503
166.9746824472911157
170.3627281933972029
143.4197725460419122
108.5267003997404203
172.4637694563662933
185.4854407142569812
179.8899489160429823
 173.128639242538128
 165.849763443811355
178.3515431323952782
185.6060198960198306
158.0918277890870911
178.7824784134682545
156.9798398544853626
143.9410565495632284
151.1589954936862341
124.3164263555329114
130.2932188574723682
156.3208675105318264
173.4101279733195042
129.6994192282231779
106.5277648585585268
101.0255065311361591
105.1320121914379655
86.96595018010496858
88.51038543301783079
106.2560247262810975
129.3628999307267691
84.27326365492365312
72.50719089140382323
75.07735423709576139
78.04964051768287447
70.26680154631665687
64.85890032126036431
75.92599725073945649
90.79360609031061813
66.99624774797391069
 70.0498252789319622
 65.6003919700382454
65.68020951096720239
65.48910852457585463
71.41225521194900239
67.26187378975127729
69.73190695977719145
128.2246273469009168
100.6142296186119296
87.25120327059327963
103.5626243553777073
93.40287761573634384
83.16374295627652202
77.08048617630373656
97.91591745606483244
108.2659998005013051
89.37923515390582452
188.8780601260911567
109.0856234225378216
 88.1745629097208905
156.5437469942548603
129.4182583908256845
179.0386043507348006
180.2918890888085741
128.5603120625078191
173.2461279254023339
88.78097874785463262
107.7135837026314391
71.53458028827661508
72.95855743394696447
74.07129650563516066
66.36831080976340047
94.73139071030216485
81.09967488006850544
141.9163226701491283
113.1926109454822011
211.9141861224842955
164.5591523220869021
79.89381471842541771
69.27720250120273704
168.0886801720608332
69.56016226989635243
77.41128482750943363
75.17580391093305536
72.02341188142354156
67.87363278870778061
 76.1015643244256097
91.50761401891239188
177.8225809326531817
67.34837393376271564
106.3809259084446381
132.4296472805919507
86.72411870644602061
 137.753009101021604
169.1631341414103531
134.3254852595728153
112.2192877528671886
116.0827737172751313
100.7942074368485237
111.6119438318810211
96.05838945432346065
96.39369676671697107
85.38972955054879321
 89.9376881636807326
96.04261869159286391
83.90378097945961144
84.13628151838599933
 75.5804511991163821
76.93160425389768875
77.56965143802318607
68.55151708017298517
66.02090724590979676
191.4223906630223553
71.41314515584191724
 71.5142476926089472
66.06257124227556687
68.46897873126201262
70.97966766306196007
66.01493843214704782
75.87332996901720605
77.97854685847804035
171.8943485866695937
66.52387201680889461
77.53773035293656335
73.03585504065601697
83.81342659916228399
86.68281521761228703
93.99291866953191743
111.0789508013829305
101.0506294694908149
172.7932323174243265
84.34321921008719869
103.1426467880641979
100.9734328396967129
123.7673154957699353
133.5300950776470756
143.1074491711910355
164.9299244272825433
 146.702608237002238
181.2762239795211485
133.4347251017209715
161.2868437839758826
161.6827564932721089
178.6389774963281241
181.0669871775378681