357.7219576043288498
516.2109844824537959
641.9868491837964939
686.9181300275012063
668.5663628922237649
650.3503756198085739
524.8956130780427429
333.9168980216393265
 365.934572114085654
505.0294738573062432
639.2285376827243226
686.4382905458610367
683.4772541819146454
639.3582635017160101
507.6358017955251398
 193.957140285166787
343.5550936575980927
540.6458812019106972
627.2052884241045376
682.0547331824129742
705.6826994372527224
 630.770772619974764
 480.739906637109641
327.3399874216255512
340.4542942234422753
498.9329949626841767
650.4957098215185169
 703.788038618900373
669.0814627946189148
631.9854290915078536
545.0090798827773142
 325.189264594654162
206.4498962834263409
362.0635651893395561
509.4706896325777166
640.9167898889689923
694.0671747168120191
682.0967632653935198
620.1743286505073911
194.7332431087193356
336.2155384661343192
527.1075355495198664
640.1646116572419487
686.5625466717489189
679.5991837123599453
626.8809930186657766
506.9342327625131475
354.5158437823162103
  200.01304026990735
340.4742056224704925
523.0621261801894661
642.1167520258514969
694.3349083339752497
685.7512678197730338
621.4172874924345251
462.8313405694945573
361.1589327646198626
504.9609034069858922
642.9323900278595829
696.2622283376948644
681.8346867553628954
362.6085069628969109
  514.98739965378752
643.2194389389397884
673.1023351418272114
673.8824226018107311
634.3069576268774199
524.5525499404876655
342.0900657354089276
199.6325562737123107
 354.875547207278828
503.4956534951779759
648.0820130848670715
708.5049851088951982
192.0170501570971737
329.5698686227033249
526.8407287309338471
620.6055461143608909
681.5272614411104541
704.8035063946830405
 641.927445533832838
457.2267898294526276
203.7439488542920571
346.7033400707477995
531.6912952544702193
648.2317182957365276
690.7500396559291858
190.1588536043354338
331.2021089539297236
533.5508761228293224
636.7188947440527045
682.4998964506667107
698.1699486523457381
624.5767480852706512
492.6881389421901076
356.7018756756739322
353.1901997109242757
503.6957709800047382
631.9601613228351198
682.3511500672582315
673.5368699980764404
640.9053417855437829
505.3583913394799652
  329.64405523470964
512.0743793902919379
351.4399085882225791
218.4973913024611818
204.6890428431242697
313.8748540040152193
526.4083756570684045
645.7407853416004855
671.7897588333854628
692.0566758328162678
643.6284381489828093
493.0199588600129914
351.6624276254247548
211.8068069402860374
338.6455492224032469
537.1334719626948981
673.7117075272983584
361.9050623362738293
514.0278371844477761
650.5699111569354045
198.5632652154117466
323.1518631271613344
529.0805425755409033
640.9532618096301348
 662.806572228987875
694.8423238186019262
655.2776801267425526
505.6186202888014805
335.5532090590413645
668.1818735107232214
673.7510236143828024
642.6713016444775803
543.2171985747952476
339.4682036520312636
198.0541043293250425
199.4051010838561808
339.3910054642084333
542.2873799996965545
615.8828073589145333
 670.825670426881743
691.6404376283204556
 627.405120211153303
506.9592902976008872
364.3202223056397884
200.7917235611980971
 331.054304697457269
533.6421231116738682
652.3622210274575082
676.8456227874971773
682.6409149675957906
595.1015503250721395
358.4265503051310588
497.5426635026212239
643.8966951959087055
 688.646896869719626
657.7846167057497269
646.4900034312034904
531.5089421183763534
332.6341803184315609
199.8744578694632708
286.8108934704370654
395.1867764510141683
533.0808426048010915
579.7452489660473702
703.2150271910196579
680.1863828405537333
621.3867437307900445
509.1614372621045845
353.7074661283197088
202.2975319507407619
135.5677113210696803
149.8656096365479584
139.1516548195282326
134.4858939946361147
138.8595895107851845
139.2585500398687373
139.2544382161551937
140.7713182622250656
 140.541399892246659
 139.095788195167529
134.7056221698521483
144.6745691699884446
129.2335243912303326
153.0730502216491118
143.1097022600094988
161.9784877755274124
234.0463125154153374
334.2781735883736474
520.8641103812954043
675.7993237666672712
663.1074719924146166
 655.257055456957346
 612.456755952046592
501.6247496803165404
369.2091380657997206
270.0153254580537805
243.5564142002903338
266.6231026344752308
 255.124311447004942
 267.770720433168151
268.6915344763074245
264.0096745728699261
275.4340776188949462
267.9717389465754991
271.7441803296723037
271.7304666736580998
268.9496202626783088
274.3175255740954412
267.4995904696632465
258.6355750986605244
