3.577220294966660390e+02
5.162107676244986578e+02
6.419869115598679628e+02
6.869183541839491909e+02
6.685660835274160263e+02
6.503501868265789199e+02
5.248951599300215776e+02
3.339171055472365310e+02
3.659346320490931248e+02
5.050294022294414731e+02
6.392285198388836989e+02
6.864383227954753011e+02
6.834769664695894562e+02
6.393577754804163078e+02
5.076360552667081834e+02
1.939569835964675235e+02
3.435546744162125492e+02
5.406454836830530439e+02
6.272052259598063984e+02
6.820553148956811356e+02
7.056825675340742237e+02
6.307703147881661607e+02
4.807396192315428607e+02
3.273405269062653247e+02
3.404540251456409123e+02
4.989327795695794521e+02
6.504957553779690897e+02
7.037880688124448625e+02
6.690819207986412493e+02
6.319861355312756359e+02
5.450091297413410985e+02
3.251892095633643862e+02
2.064496231711750625e+02
3.620639717357520908e+02
5.094708165876737667e+02
6.409169072782156036e+02
6.940675377538278781e+02
6.820970841665786111e+02
6.201742774133840612e+02
1.947339455819641216e+02
3.362155053791831847e+02
5.271069138184591338e+02
6.401633773084076893e+02
6.865610799459255986e+02
6.795984375746060095e+02
6.268802923166100527e+02
5.069339233297479836e+02
3.545155383436853072e+02
2.000127362423454827e+02
3.404741964900222229e+02
5.230621490185355924e+02
6.421169423369716469e+02
6.943352649875660063e+02
6.857508606596833260e+02
6.214165018457273391e+02
4.628312755219400856e+02
3.611594569820652509e+02
5.049612974302314683e+02
6.429329191301006858e+02
6.962630590259170731e+02
6.818346907222517075e+02
3.626083749433743719e+02
5.149872955399239345e+02
6.432192890590126808e+02
6.731019569922597157e+02
6.738823593160793735e+02
6.343068160489514185e+02
5.245529652281054496e+02
3.420905072513443770e+02
1.996331424925898261e+02
3.548758852336452492e+02
5.034959873876206871e+02
6.480824494048711131e+02
7.085049678825782848e+02
1.920170459694209342e+02
3.295694477514056189e+02
5.268408365232429560e+02
6.206064534305346569e+02
6.815278867690983589e+02
7.048033161338478294e+02
6.419268090241433811e+02
4.572261233579044983e+02
2.037433175076130851e+02
3.467032391272768450e+02
5.316910690102984063e+02
6.482322076158135360e+02
6.907494970090136803e+02
1.901593269457409292e+02
3.312013126346848821e+02
5.335497288040268131e+02
6.367174943990770544e+02
6.824984974940323355e+02
6.981692931724975324e+02
6.245765010907240367e+02
4.926881843808760664e+02
3.567017056339334431e+02
3.531905429716755407e+02
5.036973819440453326e+02
6.319629143561832052e+02
6.823543231799923205e+02
6.735397425173390502e+02
6.409071113668668431e+02
5.053595029263588572e+02
3.296441796877010120e+02
5.120737728399635671e+02
3.514401316087111695e+02
2.184972739337607948e+02
2.046895210152326570e+02
3.138745960208500492e+02
5.264082131181196473e+02
6.457398820395926577e+02
6.717888051668192020e+02
6.920562232476784175e+02
6.436284488834857029e+02
4.930199139945662523e+02
3.516625441495183395e+02
2.118062449209783438e+02
3.386457716757852268e+02
5.371336417605594988e+02
6.737116556506614415e+02
3.619055451652728266e+02
5.140284275696534451e+02
6.505703816483381843e+02
1.985633441692352221e+02
3.231520773673705662e+02
5.290807689103871780e+02
6.409531710154791426e+02
6.628062571742154887e+02
6.948419568976504479e+02
6.552775739923846459e+02
5.056185493705237946e+02
3.355531401274132577e+02
6.681820321023126326e+02
6.737514641154117498e+02
6.426716750791683808e+02
5.432174656559244568e+02
3.394679913588984732e+02
1.980534077669122439e+02
1.994058739045164543e+02
3.393912212397708572e+02
5.422876821660197493e+02
6.158827832059754428e+02
6.708259273796644493e+02
6.916401853931397454e+02
6.274049319201451453e+02
5.069590980305320613e+02
3.643198657862027972e+02
2.007910435528472135e+02
3.310541780003975987e+02
5.336422301764291660e+02
6.523628500080183130e+02
6.768461940760821562e+02
6.826409715939007583e+02
5.951017619060206698e+02
3.584259928114472018e+02
4.975422947915880059e+02
6.438961523369637234e+02
6.886461495409026838e+02
6.577834953754115759e+02
6.464895119876698573e+02
5.315086722621597346e+02
3.326341956316167057e+02
1.998751336604249502e+02
2.868105903202102240e+02
3.951864829821881244e+02
5.330811931780853001e+02
5.797456449826997869e+02
7.032159998263017542e+02
6.801873151638168338e+02
6.213875950949030766e+02
5.091620978359651986e+02
3.537081080748689033e+02
2.022980266728036725e+02
1.355678521855376744e+02
1.498654455042305358e+02
1.391516642871465592e+02
1.344858696813942345e+02
1.388594226156209288e+02
1.392586974581857930e+02
1.392541844892800214e+02
1.407715524901751678e+02
1.405411489490895462e+02
1.390959981830499146e+02
1.347053303338502417e+02
1.446747972509613760e+02
1.292332079780195215e+02
1.530732629726298342e+02
1.431093840777837158e+02
1.619786115573405425e+02
2.340463979465971818e+02
3.342781894802199076e+02
5.208639168621457429e+02
6.757982473412536137e+02
6.631064947851640454e+02
6.552556045855471893e+02
6.124555507804118406e+02
5.016239422013028957e+02
3.692085104182544910e+02
2.700152987589107738e+02
2.435564223172450795e+02
2.666231125281199184e+02
2.551243019544264143e+02
2.677708628994772084e+02
2.686913914852570429e+02
2.640097213276029606e+02
2.754340299838460169e+02
2.679718469005956649e+02
2.717440708330239545e+02
2.717305313515651619e+02
2.689495484181331335e+02
2.743175618832747773e+02
2.674995431266115133e+02
2.586358254941929999e+02
