1262.403552148550943
1401.527802898658365
1456.395535690698807
1194.844028022911516
1118.904007673040951
1294.765684916521877
1010.881973842704838
897.7405012483112614
1033.777467508531799
870.2912398554939273
 733.483979819811907
824.3224035057583023
776.3832647933609223
650.5157580719526322
706.2723146743339839
718.0385054240616682
671.4251617781939103
 700.531039950861441
686.2573001876951366
682.2090035282843701
743.2715635265116134
759.2294750908595233
714.4774277967626404
806.4666428226120161
849.3418053868311972
817.0729528529944901
947.4964510840894718
978.3878597240092176
941.9223908584575611
1105.624197509988107
1141.243990142786743
1062.724989692169629
1237.546882401069524
1315.652340929512093
1269.935213608564936
1432.790779626171343
1478.340199075590135
1486.072250617022519
1559.652526352387667
1551.918756666755371
1643.596792278575322
1565.344366416731418
1473.662105824838363
1817.281129225536006
1574.393889686312377
1230.671134744915662
1390.685873997882254
1144.685645849099956
984.5066711076381125
1040.045766886613137
865.3509749976402645
809.5682561795533729
834.2010337036294914
723.3404134290018419
698.3675532251286313
710.8796026315814061
 638.829769112822305
625.8712355533700702
1177.023106693036425
1437.928767638537238
1278.032829500264597
1334.933762535591086
1401.259103351169188
1541.754367118055598
1193.278777151150962
1149.062016771893695
1359.505165552743165
982.4439820036815263
870.8121022692556608
1061.392437533525936
791.8485123616625287
688.8215994228472709
823.4648613011603402
657.3858060920761091
 566.251851573009958
651.2044414915305879
572.7085542272910743
487.3738992183911591
537.3875034255313494
522.9825047917491929
503.3522157038004821
531.5106791561139516
495.0990739383107666
506.1193633733717547
559.0746753739142605
584.6908889051256892
541.7297675198270781
  625.04019593619023
668.2366425059371977
601.8952735698344441
721.6529949383603935
788.3450625831973184
758.4282611036765047
 932.841196844976821
963.4273183555440028
986.8850281294554634
1209.090545362030753
1186.910944485256323
1224.876486152305688
1423.530378119891793
1387.633310595247394
1445.547790936499723
1501.759702002375889
1446.846715183595734
1611.494941081588422
1432.075720484690237
1271.290029022406543
1504.366872399958538
1211.873723662857174
982.3676143376022765
997.0399606808298358
823.6153024311408899
809.9892220352261347
756.8642041795220621
650.8324213286390432
703.3929881531297497
1105.642810512919141
1415.229258104937799
1312.711048805764449
895.3221692054710275
1142.619142505119271
 1387.65977425891856
1502.010089303802943
1475.049135810868393
 1171.54599981223555
1358.333022544472442
1549.904499408489528
 1372.00210391619612
1420.290846137417702
1460.171879670803492
1447.836922817540653
1429.921099277358508
1098.266144976704481
1156.493505173098129
1573.657898025287068
1303.978020905320591
1143.890061648151004
842.5165160400139257
888.4926115294848614
1421.290508112038424
1026.445460995884559
894.4075032218253227
670.9363117207502683
723.3268816118717268
1132.811146610750484
787.7598929252926609
647.7089895088153071
 586.131705070557814
563.5086380397588073
780.4693989609963864
654.5952126701636189
548.4540231627522644
550.0447958437443958
513.0903386477057211
619.5416488005811289
 582.930915535582244
510.6854412262506457
552.4531428350089755
513.8450468718823458
544.4357580708265232
548.4664445377911761
518.8214411331911151
 585.396872499388337
552.4397736332362001
521.7364510634184853
544.9419827708030653
563.8796547506462957
617.9051091548826662
527.6309154536105552
580.4630802444935398
833.3348103227597221
  793.94298130302343
929.6639264360637753
915.1734797370495471
1107.199229655269164
1073.403417189661923
1281.196942910382404
1248.055892509188425
1387.359646945524219
1397.364133510329566
1512.631283539513106
1476.935155252330333
  1523.3283436191698
1440.471766536248879
1414.037417826624051
1289.021556955795177
1330.483812023250266
1044.892951635249347
941.8598377042146694
841.8209060629836813
729.3620704107975143
705.4883443654542816
636.2268894452204222
591.0984269501255994
571.0975003294720409
541.0127460350556703
 656.652419431097087
609.4200939547065445
763.6187249039646758
 726.084524106680874
939.5404841319040088
956.1488680255788495
1198.210367071418659
1391.361427380845726
1371.404936701035922
1594.480061573824514
1311.297054720450888
1513.524461444423878
1098.332750417179341
1247.053304986186276
881.7994826143747105
954.7369386123656341
734.8498647073004122
 964.727599189674379
952.8459987875536399
1094.221166422068109
1115.035533407810362
1290.885391157589538
 1296.95340666652146
1432.571768629979942
 1447.20039816958797
1452.451143337717212
1511.624992302512283
1459.381967261900854
1457.945552300644067
1371.949294699286611
1306.251503557136402
1213.613211864106916
1105.522034135245121
1106.512375070135022
881.1742972675427836
782.8155928627890034
 721.780754494198618
 625.976642083216575
 617.966052269678471
571.2625830875742849
617.2814463574346746
742.3571364364374858
778.0380676486279299
 918.828157006008837
1013.210351386516663
1152.560608385851538
1300.944103625440903
1365.222376755122013
1555.546557180848595
1404.366989224580266
1571.251868869761665
1224.603599608578406
1159.002053439899328
1021.769856811266209
880.2539762909500496
867.3104888669996626
738.6306748603085452
 737.688122057821829
1145.264833585272527
1210.269506419765776
1288.628625674518162
1401.520618258778768
1448.446449348471333
1556.801277566011777
1484.491455424798005
1607.176029202635846
1375.633036148700057
1529.369440019557032
1286.858807518940239
1356.170886184020219
1154.174584988198831
1137.890836830438957
1005.313578467329762
929.0757009530420873
920.7717642049815367
742.7278914919385215
666.2970128115535999
625.7144943531179706
554.0319307431070683
553.2334143790552616
532.5401495369171698
 638.719850212792835
765.3161055217110516
954.9256521840602545
1194.543117118789496
1390.959567435817689
1421.069420144189735
1302.409138493870387
1055.052472503452236
1128.132047087326555
 1351.31260864914384
1494.615411730191227
1448.573134164377052
1650.258743129686536
1489.167381440201098
1687.996158488501578
1390.247550519813785
1591.619161347393174
1192.826399936243433
1407.352710646405512
1056.598331290232409
1176.013698584754138
930.5884611401176016
951.6270602356089512
829.5904046712613535
775.1499636559052533
785.7801143655125315
639.3031975522651464
587.8020419908142458
560.1562507220760381
513.1778017520015283
518.6282161857463961
527.7413262540582082
1517.995043714831354
1614.181499920055785
1499.426518963002536
1659.595100707348138
1404.311502230543056
1571.233242996114313
1217.318627614641855
1395.782843168564796
988.2153873263436026
1189.339947468927221
852.6885679302513381
983.8968645527114631
751.8870739053859324
803.8881354590706678
700.1606379125548756
673.4685484931424071
696.7863154776764532
 583.396701773847326
539.1944729562949306
533.9649964127994508
 507.263017183350712
527.2225429995435206
564.7768068603738811
1549.064602320225276
1638.786600025676762
1657.436327657256243
1462.773825599364045
1613.890135098827159
1250.175090569526674
1455.693920615369962
1018.905615080371604
1254.534943780172625
803.6252774313276177
1067.986862066340791
 694.001950172420834
907.6532012129325722
626.9792569662831738
781.2221437641062494
598.9424141969592483
 678.363603759290072
609.8640330704598682
589.6578568934145324
530.7560895189029679
579.7480368569276834
552.5501394247779672
623.9370639040238302
664.9507630285252162
1200.909330153320752
 1408.46110457966688
 1138.93040950466775
1120.037064091241746
 1005.52729982030246
882.0923437916181911
866.9191895168388555
693.2501496850627518
755.3465158078212198
607.1015887704952547
667.3154392646019915
 562.066560244313564
601.0677052435664791
552.0045053562728299
552.5657691508977223
 600.126045853175242
541.4830559742839569
589.7277279844468012
599.1586515459102884
664.7983137156977591
710.4669223372746956
 843.633272597179257
 845.657556578731942
1022.887516016604422
745.2034472133628924
789.7656050786596325
652.3450348094513629
   626.6379477730801
585.4134062132361578
560.1549095711735617
538.0881593021666731
537.3349538141287667
512.7264112342419367
559.0555240733187929
519.0379034700303009
661.5266310442607391
579.4512403125812625
711.2553027339029086
699.7632286080004178
857.6720352112631645
891.6227481754181099
 1109.14191150015472
654.1252011532723145
712.5171092357522866
577.0027073931995574
581.0490391791203137
532.2587481537699432
538.8496439687511383
511.4717381122575262
547.0314456072802614
521.2910624647882969
 609.799251418119411
571.5854488148355586
783.7978688514128862
692.5811984933291114
905.7294235842928174
885.7076764280583347
1122.499428666237463
1149.432074198111195
1380.714293883076152
557.0505036718838028
542.8998602537953957
521.4145985902853226
544.6710363186380164
528.4763041812229858
586.1523654555470557
568.2533896195826628
698.1797071287710423
656.0984956990904493
968.9665358992846222
839.5644357574293508
1165.528647415791738
1097.633747253879392
1377.279755076624042
1351.147906064386234
1505.485163114166426
541.0289036503290845
579.5032266013829485
578.4172878899820489
 643.832791681783533
768.5060761414349599
1009.110830121255731
1273.275631310139488
1395.985003717653171
