252.6084017153264085
156.4282915814525268
242.4114809880791768
144.1233824808491022
148.3815364154950487
259.7889059217644103
157.4896819797413343
276.6082958428403344
170.3988544448663447
 264.400688921138908
287.5304274210847097
169.6831663577782194
297.0638581495734911
184.1922807532220929
284.9020216030879169
307.4912091907212357
181.2849921952130501
259.4634121379728526
193.9178778395772156
250.6452174972290265
267.5957654585208161
 190.079954382989456
254.6792663027154617
201.2412301679862594
247.9396539474367955
259.1748580304309826
195.7994931802089411
237.7662947677154364
205.1326521950384176
235.0470561321235152
239.9197248579112056
199.5094835587073874
209.6329392710265154
210.8961769454113551
204.7381890716561657
213.2781940021633318
 203.663215971864787
218.1499297446582375
217.8675074004609087
211.1862262336948959
220.2318343510274872
205.8219370664536996
206.1065348103025769
219.9515172532034626
203.9546933706384664
203.6820305703844269
203.4071881919288955
244.9852342622942274
215.4067527402906705
249.5148613706233789
236.3342065449789402
194.7138111152036402
234.9583481145783139
205.1447218031718478
245.4235907679346553
221.1873688000313791
181.1637656825497231
224.8997617537274039
 191.278765970823514
239.5611399975580582
208.4761871574443148
   165.5357893634297
199.4030243720911812
148.9700055222321851
180.1586409325728653
126.0063186389701002
126.5641998992392416
216.3941795269581121
146.0103621241919427
217.2017160860054332
175.0898668290276703
193.6502718483776277
235.8437346393729115
166.2425660740844933
234.9835563779976724
 203.021572212528838
 207.548713730074553
254.8208925825508402
186.8860701192481031
219.0073840152263642
218.7833913002823749
203.2265842737911612
230.5689399161297217
200.5832458860879228
200.5330610754855343
230.2746584285633844
186.9016007104073935
  218.62330994541054
218.6745616323888441
193.8746400793317832
241.1639280326010635
180.2512200596815717
 212.758743288515916
236.7608164003214313
186.1512455468406131
250.2529001679304486
175.4100418775718424
197.6548118583276334
 247.969845063075951
194.1509118741193163
259.0815500316120392
184.4144616955280185
201.5031324442706193
 254.736520037761494
190.3418234140382594
267.2286957176098099
 181.534462809561461
196.0771088848822217
259.2453905699248935
244.6673741568575053
 274.938920392414218
236.2318972685752669
248.5486158907231129
261.7751955426381301
254.7523574990909765
276.8189297034610377
252.5671222337130928
254.0972302324528584
260.4611072983534541
261.7106471682393476
273.6035663862448928
265.4338075699819228
 257.382944825066204
255.6624450470456225
137.4944186831215518
147.1488552301352684
147.0376019845275835
137.5987835746335577
129.3581108878344992
161.6600846922518713
146.8274239529571048
 125.963801712277359
148.3757478603625088
129.2965661776237596
230.6305434046073231
145.4531192343959276
131.3329926522928019
145.0732256434419867
148.5620669530754867
252.4392017781052289
157.7065802273660324
259.6569422681565698
144.2620088738514994
242.2103798170075208
156.5995810803363497
131.0206787432895226
230.4408294999083182
144.7454239016380768
129.1671961232378294
216.2083027394557178
145.3204765718076601
126.5189878363106004
199.2239382856449197
145.9578161543325905
126.0872669431763313
179.9877822593011842
 149.030862340217368
125.8290911378135917
161.5427423845588351
148.1573093778915506
129.4712135926901908
146.9237232967057594
273.8807661733078476
261.3602288762318722
 277.170207174714335
265.1730696049177141
 255.549468514435091
257.0173405228323418
260.3563325497978553
229.2125912578123064
249.6095938817105946
236.7754860893635964
197.3564343447981742
239.2514077175993918
 207.325044766703769
191.5312217017070964
 224.599164959507732
205.3928762353959883
 165.737089260165078
208.1758698912528303
    181.368408698623
180.4742458005432297
187.7072079374894145
200.6606002635930111
162.1333629679604655
170.2101712041630606
180.1931303966258895
157.9799770458798207
157.7487976758064576
170.4409980571115852
162.2309583871173402
 187.965675073798252
180.3313729251347013
180.6478507564211498
 200.878831760129799
197.7611702675144443
249.9619886616956705
207.7671164774641568
229.4078071137090262
 236.982576013092995
252.7850199856034408
318.3909949737063698
246.2118978967211547
325.0547003326226445
254.9544228877643945
 275.313808903746633
236.4287958059370567
224.7473113889674607
244.8820181538726786
175.7809125494665921
271.1906060590214338
160.1322363395901789
 186.566806811472361
241.5167430985541159
180.3807548450184868
162.3172824979535278
194.0694592797521523
207.8090648253138397
175.3092013254700703
175.5788485313458978
235.2992090675587917
175.2043520580991185
 193.524159915761004
168.6388868047282585
217.1305459125294419
254.2672357411462087
261.6977363862596349
251.2145499018789678
240.1730779502689188
245.5879062250025697
212.8498486204167648
235.1091460840893319
215.6758864651525869
221.3123702405325446
194.9549400957735656
201.1861370429448073
220.6592979092392284
201.0534650047367791
210.8997233273956056
300.2524399456441415
251.1689756431143792
 168.730267236364341
248.7574802797357449
250.0394601372254613
249.7257050367455804
245.1943553362297052
236.5319383009179433
220.8705863475838385
255.1375918455850353
166.2394647508871515
271.4785286318317503
162.2120427449172553
285.1513365847324053
159.7988770673435681
297.3247620078895466
170.6006547080052371
307.7663308757473715
169.9102881348780159
318.6546009232131382
224.5617168234780081
325.2413282303391497
246.0993958133161641
251.0583730993019742
213.2980204475065023
240.3705837735192858
300.2116135894381159
210.7553831023393798
 287.556512233320916
276.6371260230649227
264.4060835141487473
251.1766055243519418
235.8219712653191209
249.8327926319872461
213.7332057716452027
240.1217006617973198
199.7923585915681031
210.0858305108473871
237.9731812519714822
235.2516853494226154
205.4049378336059704
229.1815103697128677
203.6442323696401218
 212.976515026710274
228.9642250650485664
236.7253796573554325
205.1798928231945069
204.0811543499341667
198.0771304456379767