-2.962506933602768733e-01 -2.015332529655750327e-01 9.336058454362143877e-01
-1.419298224731757041e-01 -3.735970858488059099e-01 9.166685022067752042e-01
9.505329755694357646e-03 -2.373469606099347373e-01 9.713784375800514903e-01
-1.472180630018886660e-01 -6.129621310627295788e-02 9.872029255349693555e-01
-3.830431358545404175e-01 5.887325739525144375e-01 7.118089016315877204e-01
-2.809544606322426641e-01 6.767114448172716346e-01 6.805337695545801147e-01
-1.462815160987745999e-01 6.055392543216709944e-01 7.822556676198636483e-01
-2.683299545146486387e-01 5.186416526155664952e-01 8.117942298897921072e-01
-3.928047258744198911e-01 7.219753701753860442e-01 5.696104038646379042e-01
-4.413275481749104334e-01 6.511307941875071892e-01 6.174614838859733279e-01
-1.702802662950654577e-01 7.518672077733794534e-01 6.369460988070682061e-01
-2.995527142715790903e-01 7.949371491165182491e-01 5.275823161621624457e-01
-4.677395459716670034e-01 5.769662941804792888e-01 6.695742023957188538e-01
-4.347348303929396973e-01 5.012647450513735281e-01 7.481572579423416691e-01
-4.634735737974656211e-01 7.150284418363234140e-01 5.233799516188261114e-01
-4.627395805576213772e-01 6.607078150630353308e-01 5.910475985062340065e-01
-4.378382264668332913e-01 7.681500484135652673e-01 4.671650570907625033e-01
-4.411489746786805832e-01 6.004627378941652660e-01 6.669573318740802392e-01
-4.662445525001662761e-01 5.033401744045051807e-01 7.275057979798937868e-01
-4.338168431818575921e-01 7.469604563786376161e-01 5.038382907028254865e-01
-3.785770347154457371e-01 7.052063590368607970e-01 5.994692819152905860e-01
-4.501582219771706472e-01 7.842219634509870474e-01 4.270286726057526128e-01
-2.923767856208572824e-01 6.508002212188237490e-01 7.006960020519208410e-01
-3.824809316117021574e-01 5.395361469579165181e-01 7.500727185275104514e-01
-2.853262072999008803e-01 8.109201035843969230e-01 5.108791843777988895e-01
-1.519844102898462168e-01 7.657646058366986974e-01 6.249042386451008069e-01
-3.664730869370585453e-01 8.397174804266990256e-01 4.007143990632971997e-01
2.926159332850654105e-01 6.849759404157766962e-01 6.672210103400764147e-01
1.586054493944745736e-01 7.830129467858839565e-01 6.014441259070233414e-01
-4.774676931617981160e-04 6.963614532387403244e-01 7.176910884690095305e-01
1.516496454296706875e-01 6.057195357741844699e-01 7.810929707932094956e-01
2.884673360496298189e-01 8.289000138663592532e-01 4.792821330331222818e-01
3.765471553313654574e-01 7.373211751906666445e-01 5.608651570808357301e-01
7.705379164369827692e-03 8.610546437460141478e-01 5.084540565433198767e-01
1.571968713517862271e-01 9.113016135785908522e-01 3.805502762136251382e-01
4.402269025458873664e-01 6.346571510625720336e-01 6.351461051443149097e-01
3.838314683942393724e-01 5.721337554934311509e-01 7.248009172837083236e-01
4.246685130473904501e-01 7.675279225727505983e-01 4.801640783079011432e-01
4.555582710062768270e-01 6.878509768454574846e-01 5.650908735509021508e-01
3.604800785721349876e-01 8.489882947366710342e-01 3.863586266058348095e-01
4.667793761181063816e-01 5.997104559193554563e-01 6.499726018008684658e-01
4.707915440041199884e-01 5.255181790659945174e-01 7.086508065086625230e-01
4.514684871719618631e-01 7.313527575933551628e-01 5.111744800469358863e-01
4.362267600859210948e-01 6.691775293609292241e-01 6.015876062414708958e-01
4.365205185021668322e-01 7.934244915840975576e-01 4.241785155817249242e-01
3.883240907799275221e-01 6.016480714694006915e-01 6.980143255099379163e-01
4.411953414797106232e-01 5.133119811168287416e-01 7.361096933871459358e-01
3.891618176089717274e-01 7.315032650259806202e-01 5.598714611155057863e-01
2.917676545024561752e-01 6.870800596884204525e-01 6.654266506270185566e-01
4.255267690843511641e-01 7.746320053152605523e-01 4.678378192642096423e-01
1.598619885867261226e-01 6.180861754318117685e-01 7.696841068549963305e-01
2.779837781124192553e-01 5.286383767103153275e-01 8.020389552730140537e-01
4.677380313927932409e-01 -5.770475683713283122e-01 6.695052186693778440e-01
4.347381705441347721e-01 -5.012969970084262261e-01 7.481337072089940810e-01
4.633786004852393781e-01 -4.082571376232003724e-01 7.865153413583566566e-01
4.662669854005586645e-01 -5.034355969220596361e-01 7.274253900416211005e-01
1.895966613209290330e-01 7.566560512625735146e-01 6.257193668919691643e-01
3.063317216433077972e-01 7.951750602172574789e-01 5.233139592286143449e-01
3.867544657904299910e-01 8.608705865077573849e-01 3.306400103994504014e-01
3.416073947638407216e-01 8.895250609365643601e-01 3.033966937994923563e-01
3.919082336659443500e-01 8.783900836127248590e-01 2.735668060925337541e-01
4.026850017745933208e-01 8.704194773699955867e-01 2.832220379150242051e-01
2.696314561938393251e-01 8.935116566493275236e-01 3.590763111966089882e-01
3.226919235481129355e-01 8.599160693875917971e-01 3.954924475711432130e-01
3.830185020829374176e-01 -5.887152873859972102e-01 7.118364541523323208e-01
2.683056814454350958e-01 -5.185161560023937577e-01 8.118824159129214291e-01
3.732416126760408903e-01 -4.185388167545031068e-01 8.279589104760748386e-01
3.669328512724944202e-01 -2.169646755245000225e-01 9.045919589691177043e-01
2.606609716441553593e-01 -1.123349730469008073e-01 9.588726253742344552e-01
3.661133281723983890e-01 -6.136367062500542278e-03 9.305500394572040479e-01
4.206308494521514008e-01 -1.106268324120556201e-01 9.004617662286592550e-01
4.107584192806223999e-01 8.630426855922987972e-01 2.939980337276376643e-01
3.881695107757470731e-01 8.829748851717866831e-01 2.639692843116169252e-01
3.800583267700365364e-01 8.917698687277892944e-01 2.455650005232451749e-01
4.148060122140522221e-01 8.372785396035815619e-01 3.562311319219156336e-01
3.947923700747215103e-01 8.753264979383834632e-01 2.791818520923404767e-01
3.636678775854557122e-01 9.012158924445923258e-01 2.357023335009371667e-01
3.262671621656347276e-01 9.176871649073908843e-01 2.267156947734737249e-01
2.919209594019433474e-01 9.406700980645731347e-01 1.729795365615107994e-01
4.096036822257596577e-01 8.587392653801100284e-01 3.078826036032693003e-01
3.524044833310723823e-01 8.937011911822234644e-01 2.776855433897029712e-01
2.412703900879970831e-01 9.598428073250452330e-01 1.431446264906990617e-01
2.002188240003298647e-01 9.678410488257100930e-01 1.523027469347633112e-01
1.257114583423892262e-01 9.892917972784365244e-01 7.415098838876624243e-02
3.306100920522526132e-01 9.141003677203589639e-01 2.347711327371944101e-01
2.503931141779253133e-01 9.320271456273102606e-01 2.619707773513847981e-01
5.420519756026160457e-03 9.968124312064449155e-01 7.959645066126472268e-02
1.472172076751581404e-01 9.739339732848028008e-01 1.725679849972359126e-01
-1.234428522246624940e-03 9.946238600608823255e-01 1.035463817997218927e-01
1.046229985733841544e-01 9.590847033809789535e-01 2.630789993711649122e-01
-1.228573202002587322e-01 9.907952523351589713e-01 5.684053855585726595e-02
-3.769962152827253665e-01 9.026979726153450123e-01 2.073890640767898641e-01
-3.014876350105259450e-01 9.430359959300952388e-01 1.406709505046911113e-01
-3.399333805038868839e-01 9.219302898758392484e-01 1.857143974727066549e-01
-3.939624789871458699e-01 8.943605878807093790e-01 2.119261758159532438e-01
-2.433502841534921912e-01 9.624568225722278658e-01 1.202393608041306544e-01
-3.394142025298919063e-01 9.154468258043707563e-01 2.162292955306929498e-01
-2.068819001426031035e-01 9.711758721399142980e-01 1.183946990648781505e-01
-2.642080699811771849e-01 9.397564376670375363e-01 2.169145767812312164e-01
-4.237991403446561001e-01 8.658784267438948135e-01 2.657984927396094266e-01
-4.022687646462576039e-01 8.877119645492671518e-01 2.239359484005517820e-01
-4.151277895568008525e-01 8.747557335809016399e-01 2.499426432304482082e-01
-4.241786896342351620e-01 8.592744153802390761e-01 2.858669591490619610e-01
-3.677326898639470265e-01 9.005791397983387014e-01 2.317970702263307536e-01
-3.981159435164327021e-01 8.660153498237659342e-01 3.025245599742949487e-01
-4.042373235876013937e-01 8.835408523723279339e-01 2.365327639205887233e-01
-3.533444251234958422e-01 8.956692688401867164e-01 2.700449556822560604e-01
-4.263490773553130775e-01 8.403213633735672206e-01 3.347931757014506182e-01
-4.075626154356470909e-01 8.819311252292134640e-01 2.368337071685283624e-01
-2.904024608373861893e-01 -4.864795042499349687e-01 8.240170524232661720e-01
-1.516818260625896198e-01 -6.056287216664022477e-01 7.811571385675469825e-01
8.645999980217564801e-03 -4.946990900250167189e-01 8.690213213798394509e-01
-2.697140188166010089e-01 9.030565870933956463e-01 3.342800451134142481e-01
-3.272276554322784969e-01 8.668704518880822052e-01 3.761086028843875217e-01
4.419856124891731186e-01 -2.024470221753990606e-01 8.738786652418537582e-01
4.525689304574199157e-01 -1.038127008177999744e-01 8.856660128589902703e-01
4.335788083598297038e-01 -1.817716584534549359e-02 9.009322991119258495e-01
3.841757681568137017e-01 -9.078946035938341430e-02 9.187852050663278813e-01
3.873309401349096515e-01 8.150066734097471954e-01 4.309743207103931550e-01
1.361288905154152129e-01 -4.237124737222002779e-01 8.955091651006458209e-01
2.622397657375127311e-01 -3.239676101481009374e-01 9.089968607431285763e-01
2.225882742090202204e-01 8.468709713759626778e-01 4.829741380502514114e-01
4.331853323971645020e-01 8.139187122793992701e-01 3.871521633639705695e-01
3.988620960248079883e-01 8.539034345872987819e-01 3.343021877803251107e-01
2.722090244484807187e-01 9.197681563811598293e-01 2.827167938344110065e-01
9.419719862343233288e-03 9.624444189293150931e-01 2.713153319470314462e-01
-1.431687010985000508e-01 9.082904651962263598e-01 3.930790682030665950e-01
-4.121237699362613194e-01 8.509800533953560953e-01 3.255563652837407673e-01
-2.710385787733232688e-01 9.202687307371448799e-01 2.822118921023377136e-01
-4.476925274660467635e-01 8.120002455692770793e-01 3.744689600574347965e-01
-3.958228570200506558e-01 8.161765317510649709e-01 4.209277074264505814e-01
-2.926695937186760688e-01 -6.848437012164936277e-01 6.673332104853160196e-01
-1.586886323556743750e-01 -7.829426833473256409e-01 6.015136511784042739e-01
4.254483811904092986e-04 -6.963490628559372286e-01 7.177031431262737016e-01
-2.049010979176138503e-01 8.552709751154652373e-01 4.759486308386625120e-01
4.264837400813700219e-01 -3.153529764465090035e-01 8.477405969354859794e-01
-4.507137655931045539e-01 -1.783415151780671781e-01 8.746721702837441104e-01
-4.741411429005488176e-01 -3.043704387291931712e-01 8.261651243164164216e-01
-4.535748219141699789e-01 -4.363616563066930465e-01 7.770832554049845742e-01
-3.938439590573991067e-01 -3.326851191389542106e-01 8.568591176018922617e-01
-3.838418247540337780e-01 -5.719836994787940165e-01 7.249138577100360248e-01
-4.728894879922639349e-01 -4.140854732726766962e-01 7.777588012815784824e-01
-4.707737104362515468e-01 -5.253852869589727970e-01 7.087611824931739912e-01
3.691848554726734344e-01 8.770989919865439521e-01 3.072456683922650256e-01
-4.630321026929394290e-01 -1.946824826964104471e-01 8.646964801633675313e-01
-4.357061058292981959e-01 -3.119715241623979840e-01 8.442949469556587649e-01
2.823271751260366669e-01 8.889653209606107609e-01 3.605995345459427903e-01
-3.823199498174229549e-01 -4.229714882690223110e-01 8.215391506696996249e-01
-4.411772946323434530e-01 -5.132431215357451393e-01 7.361685220770655125e-01
1.564881409916692723e-01 9.007491106153631133e-01 4.051697193209328751e-01
4.411414044067684670e-01 -6.005818668183733333e-01 6.668550686370926517e-01
4.451691336161613943e-01 -4.238796903613534783e-01 7.887651428496312844e-01
3.824920563804339868e-01 -5.396382790832017218e-01 7.499935696750920089e-01
4.547800425337998886e-01 -2.085868137562750801e-01 8.658329250149593426e-01
4.632595468522339721e-01 -3.108288024979923292e-01 8.299253266336237278e-01
-1.705593119746691699e-01 9.139535716100518625e-01 3.682368667582825994e-01
-1.131714005894348951e-01 9.665755047393994603e-01 2.300522282578477407e-01
-3.733477998186564562e-01 -2.096478915954585465e-01 9.036919729200583173e-01
-2.686297993254023186e-01 -3.237312339280338791e-01 9.072133812360941851e-01
-2.983004672650823030e-01 9.016286175726849761e-01 3.131815243647088076e-01
-1.398443832548844912e-01 -4.302304855426634100e-01 8.918213261532744740e-01
-2.779834778117720728e-01 -5.287133961375816149e-01 8.019896076685387731e-01
-3.837333031424878249e-01 8.860021892456645398e-01 2.602861362255874944e-01
2.923479154626466570e-01 -6.508992726745992385e-01 7.006160383236474942e-01
2.944915645574980312e-01 -4.685221206221855117e-01 8.329236104782762329e-01
1.593409964693796588e-01 -5.860274551902426854e-01 7.944698034585037094e-01
4.505531677884743735e-01 -1.062829530428874292e-02 8.926863291967093161e-01
-2.628948232591145073e-01 -1.034721783888863100e-01 9.592600378432416530e-01
-1.379125652263835100e-01 -2.136028824508474089e-01 9.671369773518994073e-01
-2.885806531508516848e-01 -8.287893225636673300e-01 4.794053247842426924e-01
-1.573444727339677884e-01 -9.112449002879053905e-01 3.806250761567807617e-01
-7.818213755158218148e-03 -8.610539206994585193e-01 5.084535585299498894e-01
-2.723931354105020852e-01 -9.196772510120757582e-01 2.828351706420319522e-01
-1.474344319860718955e-01 -9.738899234623490386e-01 1.726311247818421435e-01
-9.601114543133859938e-03 -9.624423412718514648e-01 2.713163436409364859e-01
-1.365671682086099792e-01 9.768952736345090093e-01 1.643929223477676449e-01
2.628701638069314561e-01 1.034746778014152963e-01 9.592665260677087913e-01
3.733567306723704071e-01 2.096702797302017196e-01 9.036830890635821900e-01
4.246102652829633062e-01 9.590694983769121329e-02 9.002821666506352072e-01
1.402542565956927945e-01 -4.207889991307001143e-03 9.901065786917137013e-01
1.379205501627518982e-01 2.135356619971325309e-01 9.671506826230595877e-01
2.686117362000230990e-01 3.236833365574503518e-01 9.072358198454499867e-01
4.630982382067506675e-01 1.947563681447367911e-01 8.646444233538289614e-01
4.573883716151099232e-01 7.763668161990944228e-02 8.858715613328644878e-01
4.357446546663426012e-01 3.120311939926734834e-01 8.442530011230143794e-01
4.507885850838273534e-01 1.784513245605369169e-01 8.746112143808303374e-01
3.868499132184289868e-01 5.030272503354177305e-02 9.207696674506028467e-01
4.742030556773583760e-01 3.044829637736392591e-01 8.260881228766561168e-01
2.919789570040490223e-01 -2.179920780957924839e-02 9.561762824948663031e-01
2.962913569694385907e-01 2.016399013159778097e-01 9.335699127448846557e-01
1.472466946348486017e-01 6.136647830635434675e-02 9.871942900257210107e-01
3.938850397502691170e-01 3.328080222028276247e-01 8.567925045297555275e-01
3.604982310010587693e-06 1.668268719827937126e-06 9.999999999921104221e-01
1.561069268503357532e-01 -8.649302709015659063e-02 9.839459251677021845e-01
-9.491856361092029445e-03 2.373791311863816811e-01 9.713707081953927291e-01
1.419432141386053892e-01 3.736724898486625257e-01 9.166356933320364275e-01
-1.560827458216010877e-01 8.645502079733360934e-02 9.839531014411825316e-01
-4.334864195281932231e-01 1.819492634293188790e-02 9.009763974378033335e-01
-3.841020523578833057e-01 9.073503375023472817e-02 9.188214010485418193e-01
-4.419112244888012686e-01 2.023735990934291684e-01 8.739332903950851605e-01
-4.524811084739164269e-01 1.037860850440243538e-01 8.857140029521100022e-01
-2.919264296079800980e-01 2.181340104089629639e-02 9.561919970546530756e-01
-3.867745952122528252e-01 -5.020939377780676838e-02 9.208064016256962692e-01
-2.992546298029692409e-01 2.256795998482566401e-01 9.271005257003248623e-01
-3.887908152028597963e-01 3.378288800870286046e-01 8.571542158754397178e-01
-4.504758043441050575e-01 1.064784178501778159e-02 8.927251386433859848e-01
-4.547185619880780294e-01 2.085507933110266332e-01 8.658738915066302999e-01
-4.205830063444969125e-01 1.106303302984898290e-01 9.004836838012513223e-01
-4.572989432843416191e-01 -7.757483131256746878e-02 8.859231467897489276e-01
-4.631995369797320405e-01 3.107524259884917872e-01 8.299874207986702723e-01
-3.661027583242719152e-01 6.162023118812086885e-03 9.305540284252404870e-01
-3.669319326299217976e-01 2.169890770325166585e-01 9.045864785995018087e-01
-2.606875158643189305e-01 1.123849612811579912e-01 9.588595515247909651e-01
-4.245582299173897844e-01 -9.586872449874724034e-02 9.003107780496665269e-01
-4.264561739941457597e-01 3.153337089859725162e-01 8.477616313796141334e-01
-2.415242289877581883e-01 -9.597692658382711572e-01 1.432096475944782954e-01
-1.260004460846492758e-01 -9.892545494264590733e-01 7.415742731192043191e-02
-5.673336743473418424e-03 -9.968113087093688485e-01 7.959288962784467902e-02
-1.402581983676899069e-01 4.235807417333042543e-03 9.901059012682296157e-01
-1.373731011570017979e-01 2.175698242402020199e-01 9.663291378503474638e-01
-2.622670465711579579e-01 3.240644515928576275e-01 9.089544694299392935e-01
-3.732545638101363861e-01 4.185650686387238362e-01 8.279398008976045498e-01
-1.360991301690992472e-01 4.239052135671156352e-01 8.954224682672602409e-01
-4.633478799603173992e-01 4.081926800361285745e-01 7.865668935959625463e-01
-4.451286225352845127e-01 4.237834263339667062e-01 7.888397283127184245e-01
-2.944714979586819381e-01 4.684637087040448566e-01 8.329635589371373605e-01
-1.581023978151006038e-01 3.734201679207332925e-01 9.140902635928069841e-01
2.904034071102420955e-01 4.866000258485581043e-01 8.239455540161287894e-01
-8.654717658606961642e-03 4.947398354313289892e-01 8.689980386051693317e-01
4.536071181104445738e-01 4.364992198522199551e-01 7.769871385473123837e-01
4.729276503576519963e-01 4.141856302132985723e-01 7.776822624002704964e-01
3.823217979530594279e-01 4.229876025276981810e-01 8.215299939246346606e-01
1.398746490436497680e-01 4.300894740641991731e-01 8.918845927888294778e-01
3.888381319266860925e-01 -3.379092584177184611e-01 8.571010676900084890e-01
-1.593551009220848247e-01 5.859926802010142488e-01 7.944926246107915091e-01
-2.005381894763020867e-01 -9.677814358027166941e-01 1.522613774967211120e-01
-1.049743348686971722e-01 -9.590864988084050191e-01 2.629324567684827030e-01
8.980305257469929983e-04 -9.946267610484422761e-01 1.035219771230234953e-01
-3.891574993919747483e-01 -7.314870246529422415e-01 5.598956808472189683e-01
-2.917425000458097606e-01 -6.871594631630086880e-01 6.653556837155195636e-01
-1.895097038637360565e-01 -7.568049493039116227e-01 6.255656167426265624e-01
-3.062767616865990639e-01 -7.952353333221187093e-01 5.232545364225990037e-01
-3.883227732610477489e-01 -6.016341912982737794e-01 6.980270221328978009e-01
-4.362309090021714852e-01 -6.691111666730462648e-01 6.016584086211826943e-01
-1.597991212543576622e-01 -6.182590366361898626e-01 7.695583177797674646e-01
-4.515106778117141673e-01 -7.312489149980854197e-01 5.112857636744145839e-01
-4.255469074162728238e-01 -7.745698880883189474e-01 4.679223419065335343e-01
-4.667800064485023714e-01 -5.996018064615098453e-01 6.500723800224327276e-01
-4.555962999376830247e-01 -6.877170435114833280e-01 5.652232121444740187e-01
-4.247561596403647277e-01 -7.673878086686712896e-01 4.803104787054551794e-01
-4.366085244438378532e-01 -7.933048900144785698e-01 4.243116164590486350e-01
-4.402532952009806100e-01 -6.345037634663055481e-01 6.352810482076201026e-01
-3.766197869717192726e-01 -7.371743159613398655e-01 5.610094152046892768e-01
-3.606176193911675432e-01 -8.488642335611352729e-01 3.865028403069161733e-01
1.519118328753061853e-01 -7.658260991638662363e-01 6.248465258540865097e-01
2.852209912841204842e-01 -8.110318735541891533e-01 5.107604978951344465e-01
1.430206105709052045e-01 -9.083470201870976757e-01 3.930022848141542235e-01
3.785244898283873227e-01 -7.053380223268640448e-01 5.993475493069002624e-01
4.337431150894068277e-01 -7.470987488631245510e-01 5.036967039396742507e-01
3.663415690233520761e-01 -8.398469446361512825e-01 4.005633088424727650e-01
4.627135575907201370e-01 -6.608260061229436211e-01 5.909358283716927840e-01
4.634350149544427810e-01 -7.151270251737550376e-01 5.232793945688201109e-01
4.500765317362988571e-01 -7.843444388811362522e-01 4.268898180754135407e-01
4.413108863328759068e-01 -6.511830650524189634e-01 6.174182677837033451e-01
3.927811172914869586e-01 -7.219757464654542600e-01 5.696262067486900227e-01
4.378015228607888276e-01 -7.682154080685911213e-01 4.670919752969241445e-01
2.809420514294991844e-01 -6.766002037029795746e-01 6.806494898901130908e-01
1.703346814397191378e-01 -7.516761879719762174e-01 6.371569702473227625e-01
2.995510769745628465e-01 -7.948633265766423817e-01 5.276944611675334906e-01
1.463264344006248163e-01 -6.053267391072320036e-01 7.824117288981579099e-01
1.373814639222696588e-01 -2.174541929361970827e-01 9.663539762142242528e-01
2.992948317642117884e-01 -2.257389289150794898e-01 9.270731037256473295e-01
1.581221523736304480e-01 -3.734226626199669274e-01 9.140858274639995784e-01
3.981137273780555041e-01 -8.660450545364951624e-01 3.024424302012373444e-01
3.533985084691916301e-01 -8.956576171455128410e-01 2.700128275859740024e-01
2.697570686579004451e-01 -9.030053619698810152e-01 3.343836720935112194e-01
3.272543437083686446e-01 -8.668406383463908016e-01 3.761540937371639082e-01
4.042265000281024534e-01 -8.835679784527443736e-01 2.364499188580138078e-01
4.150737541069423053e-01 -8.748169352079763206e-01 2.498181509116039478e-01
4.021407918082990363e-01 -8.877965015908975133e-01 2.238306398301134759e-01
4.074686382852480415e-01 -8.819895313963592720e-01 2.367779029411248015e-01
4.237025041033061767e-01 -8.659688874500488520e-01 2.656578137098783432e-01
4.263053619998875554e-01 -8.403867215072425845e-01 3.346847720534248394e-01
3.937982557782077619e-01 -8.944646777438046703e-01 2.117920537100321243e-01
3.396998586116032892e-01 -9.220334435240251647e-01 1.856295641391349227e-01
3.675133061406189450e-01 -9.006784570966652748e-01 2.317591135890069709e-01
3.768049028474487194e-01 -9.028093250938942216e-01 2.072519908556532120e-01
4.240487184610643445e-01 -8.593871538984755309e-01 2.857208499318993900e-01
3.012337400311306257e-01 -9.431318468279287215e-01 1.405722354015811748e-01
2.065735913172124794e-01 -9.712457032530416035e-01 1.183601929823277082e-01
2.638982319033803536e-01 -9.398407441747679281e-01 2.169264824480595377e-01
2.430971957036604514e-01 -9.625327276190088766e-01 1.201436710914352973e-01
3.392124026220105781e-01 -9.155543879826245623e-01 2.160905100951104885e-01
1.225687908086704470e-01 -9.908334870512383041e-01 5.679694056535056212e-02
1.128297598574671823e-01 -9.665954612526195255e-01 2.301361761573825493e-01
1.363451700120272003e-01 -9.769376469112500683e-01 1.643253743701831582e-01
-2.921837991054278549e-01 -9.405833242047654252e-01 1.730076234396390744e-01
-3.265218174557093511e-01 -9.176036905530794430e-01 2.266869422988204152e-01
-2.507298896548783573e-01 -9.319695873025631849e-01 2.618534146745893354e-01
-3.638659902889989639e-01 -9.011144433085283012e-01 2.357844379338191743e-01
-3.308143869628250577e-01 -9.139984239628411444e-01 2.348802298446018844e-01
-3.802348157616528002e-01 -8.916839452957752155e-01 2.456038000204040506e-01
-3.883125742471766895e-01 -8.829175063840791760e-01 2.639507939030495409e-01
-3.526558378243762615e-01 -8.936333969470204863e-01 2.775846031560760263e-01
-4.108579778700689467e-01 -8.629693842405896653e-01 2.940740789051891624e-01
-4.097331159644206910e-01 -8.586391961780255322e-01 3.079894551260494717e-01
-4.027383954398371380e-01 -8.703845367937513844e-01 2.832534959164183519e-01
-3.919070380255831876e-01 -8.783988586601654269e-01 2.735403419068800912e-01
-3.948916216324311335e-01 -8.753072405114087351e-01 2.791018485657370540e-01
-3.867387209534718928e-01 -8.608693177827395626e-01 3.306617295901555509e-01
-4.148387904077620592e-01 -8.372303188135974406e-01 3.563062885107515232e-01
-3.415168543871209272e-01 -8.895755241106052535e-01 3.033506635444665478e-01
-2.695012809165764356e-01 -8.936005502315088611e-01 3.589528049901115625e-01
-3.226105978857573553e-01 -8.599690041997108958e-01 3.954436925120333179e-01
2.049373400477875196e-01 -8.551516224618759265e-01 4.761474448686655592e-01
3.958117253886234699e-01 -8.161996243098184056e-01 4.208933966236490520e-01
4.476190154112562047e-01 -8.120972742407958078e-01 3.743464093762985390e-01
4.119825550711773143e-01 -8.511063112175002443e-01 3.254050112133555217e-01
2.708526165404609443e-01 -9.203623237707144744e-01 2.820851876588994500e-01
-3.990085034192765168e-01 -8.537835160932222278e-01 3.344337331170458838e-01
-4.332556499570993647e-01 -8.138288987515239770e-01 3.872622694468608739e-01
-3.873189466505548295e-01 -8.149943432639202845e-01 4.310084152465191165e-01
-2.224581174366682124e-01 -8.469887198307238796e-01 4.828276032561156783e-01
3.835405777789813730e-01 -8.860726429689252948e-01 2.603303604634479851e-01
2.980066232262033044e-01 -9.016962262619842017e-01 3.132666085911687270e-01
1.702282865556742630e-01 -9.139748485345031703e-01 3.683372187312209389e-01
-2.826564564615782205e-01 -8.889460736692599285e-01 3.603889644933522818e-01
-1.568386745386175229e-01 -9.007612335619558097e-01 4.050071978137098072e-01
-3.694073973247082310e-01 -8.770780690408559455e-01 3.070378406798560111e-01
