-4.585627639051716442e-01 -4.582050237738659049e-01 -7.614252082430945645e-01
-4.336093430363912038e-01 -4.213318754202172722e-01 -7.965314735692692327e-01
-3.452147502610984353e-01 -4.856574982447722233e-01 -8.030962399369060423e-01
-3.720607527027302575e-01 -5.114540760574639577e-01 -7.745873252141962650e-01
-4.972305872065646559e-01 -3.944186612536211278e-01 -7.727843572440602493e-01
-4.802673657436932753e-01 -3.541754779414501564e-01 -8.024356598672309770e-01
-4.037320278066163781e-01 -3.631917820930056218e-01 -8.396976712741698323e-01
-3.023577786491966068e-01 -4.457982047470312459e-01 -8.425222456022435358e-01
-4.657504317467349719e-01 -2.836147783825626600e-01 -8.382357620686079480e-01
-3.531344558229631558e-01 -2.833657885511954300e-01 -8.916276610723661289e-01
-2.289196092434417351e-01 -3.867362940674372584e-01 -8.933257252283819394e-01
-4.366981585057491122e-01 -1.902042678191471214e-01 -8.792707517375232262e-01
-2.820564664702562840e-01 -2.074086943724783305e-01 -9.367100849361112980e-01
-1.332338616079472848e-01 -3.281711170398788346e-01 -9.351750937989277146e-01
-3.901804814577618519e-01 -1.038020940341807252e-01 -9.148684698706740503e-01
-1.551003675794399017e-01 -1.152042197738541718e-01 -9.811584294715204324e-01
1.442239496852246866e-02 -2.476353627829774029e-01 -9.687459530871420643e-01
-2.954605376775423786e-01 -4.865915162844876589e-05 -9.553549436244023196e-01
1.696725962098287596e-03 -3.273898320262370098e-06 -9.999985605541095168e-01
1.710468594651610719e-01 -1.403323221370106344e-01 -9.752178275804538332e-01
-1.550511868536111892e-01 1.151533242436153792e-01 -9.811721772303432232e-01
1.710540605141205595e-01 1.403342875696353687e-01 -9.752162817108596116e-01
3.062673794246436043e-01 -3.852825509538578149e-06 -9.519455301042790696e-01
1.447730472200147583e-02 2.476043989970799497e-01 -9.687530486379283268e-01
2.503460240835587158e-01 2.443344474929969312e-01 -9.368177763011578119e-01
3.481421242914703451e-01 1.169350891158355971e-01 -9.301200171092407487e-01
1.161498622381264556e-01 3.352537300707176260e-01 -9.349407178937786389e-01
2.808689752998334566e-01 3.426054179812003109e-01 -8.965122120104939141e-01
3.457106749094263076e-01 2.372490142946248048e-01 -9.078529806471409280e-01
1.741618222973566055e-01 4.115862586080502039e-01 -8.945749892429878392e-01
2.817769276357516284e-01 4.204946480332524272e-01 -8.624302951703096687e-01
3.204490194543131998e-01 3.408686038617083636e-01 -8.838105118361846424e-01
1.987920780375174168e-01 4.666522378567997120e-01 -8.618105352180179812e-01
2.702662092971218621e-01 4.831185328070493057e-01 -8.327980903979839145e-01
2.690916369467991620e-01 4.450643146300244934e-01 -8.541120809169004957e-01
2.126904891723755409e-01 5.063336322118197064e-01 -8.356967205313190483e-01
2.598954265782699724e-01 5.172192781452481514e-01 -8.154376650355360523e-01
2.133930932491878429e-01 4.979790951068073235e-01 -8.405237703897189272e-01
2.253955874903541268e-01 5.338120676233800710e-01 -8.150101260717746987e-01
-4.972539677084972243e-01 3.943748437958123909e-01 -7.727916757957375982e-01
-4.802994191893100728e-01 3.541385064313168352e-01 -8.024327923190882617e-01
-4.861753480068577438e-01 2.775627162720321062e-01 -8.286087554003409572e-01
-4.890973084602451282e-01 3.203715903177450919e-01 -8.112618978937824465e-01
-4.585753488674377265e-01 4.581951245165744036e-01 -7.614235859758675673e-01
-4.336311568744389833e-01 4.213268104393573243e-01 -7.965222775244474862e-01
-4.657579650352600131e-01 2.834764914162558047e-01 -8.382783528283088703e-01
-4.892107149478107098e-01 1.964806113213806160e-01 -8.497459889608351968e-01
-4.037029167526872686e-01 3.631036598986564501e-01 -8.397497765248724821e-01
-4.367226193398340284e-01 1.901528295587161521e-01 -8.792697283358326121e-01
-4.798638813530780589e-01 9.321184642622111494e-02 -8.723773306652193860e-01
-3.531326638141876195e-01 2.833587452121611450e-01 -8.916306091982744153e-01
-3.901945327072966485e-01 1.037249969015050510e-01 -9.148712213547415262e-01
-4.540066187164013556e-01 -3.228884992271295818e-05 -8.909983103907267443e-01
-2.820332383442874513e-01 2.073799725934582783e-01 -9.367234380734641430e-01
1.160804566002879290e-01 -3.352739803958357800e-01 -9.349420761015100334e-01
-2.239746528909155113e-02 -4.045043147538499029e-01 -9.142617857562147510e-01
2.503135778014264901e-01 -2.443203173974594633e-01 -9.368301314939939672e-01
1.741012049859846089e-01 -4.115871023176116417e-01 -8.945864003148153998e-01
5.825975784651074574e-02 -4.656930307207574060e-01 -8.830265011616479365e-01
2.808387081138757901e-01 -3.425684553335756610e-01 -8.965358182667872988e-01
1.987558810373017681e-01 -4.666762059646284988e-01 -8.618059053751867538e-01
1.061279548654417704e-01 -5.052815652373653377e-01 -8.564037581814767375e-01
2.817547768074133985e-01 -4.204935101740215342e-01 -8.624380868489837093e-01
2.126480032666149822e-01 -5.063148402377640744e-01 -8.357189176162814759e-01
1.420770031151596113e-01 -5.312796046656265148e-01 -8.351982440427845322e-01
2.702666772306838716e-01 -4.830574233241811677e-01 -8.328333860683584389e-01
2.253851256521521851e-01 -5.338291986035474945e-01 -8.150017986808730797e-01
1.700045903716911055e-01 -5.477129325765144330e-01 -8.192124161296557849e-01
2.598967100446826217e-01 -5.172165856269759221e-01 -8.154389637859621454e-01
8.957379039690725742e-02 4.509814290067615805e-01 -8.880271880775669757e-01
1.824243874064175042e-01 3.742911544466677176e-01 -9.091905601040817242e-01
2.762348648138547857e-01 2.395085287819366249e-01 -9.307684803977753774e-01
3.274867614976428865e-01 1.270651339222034493e-01 -9.362728623564388064e-01
3.600038694786095728e-01 -1.271436773311369843e-05 -9.329508099566519164e-01
3.481175144301852931e-01 -1.169418952390006150e-01 -9.301283724760044391e-01
-1.261153710676101714e-01 -4.522641991528377203e-01 -8.829224243075503020e-01
-2.134698074011876223e-01 -4.971112793935307805e-01 -8.410178459627517533e-01
-2.670203635085428018e-01 -5.211162512793618973e-01 -8.106404740230468420e-01
-2.978642478874135580e-01 -5.318524814770904108e-01 -7.927230460741804263e-01
1.303704678443756704e-01 -5.523773329759235073e-01 -8.233363973057695739e-01
7.946472433815549019e-02 -5.537209256113947431e-01 -8.289019810121825982e-01
2.525957021199398342e-02 -5.348441442336010487e-01 -8.445730847545002140e-01
-3.726463880752057395e-02 -5.031952121695731917e-01 -8.633689391819489023e-01
-4.798568412162049213e-01 -9.325322408392437701e-02 -8.723767810619212915e-01
-4.898626781581115752e-01 -8.111041606211369745e-06 -8.717996079845263813e-01
-4.818310270912364857e-01 1.078433953687479574e-01 -8.696025893519088168e-01
-4.613700377863367841e-01 1.976805016854191466e-01 -8.649046811565047621e-01
-4.487391016884916817e-01 2.449245972630077484e-01 -8.594446813328703305e-01
-3.720673852189994024e-01 5.114502153025297648e-01 -7.745866885786850675e-01
-3.452295499461848771e-01 4.856560550417081124e-01 -8.030907508154230268e-01
-3.023033306094790595e-01 4.457368756419611833e-01 -8.425742305550046884e-01
-2.289180274151153549e-01 3.867358513765264960e-01 -8.933263222274634430e-01
-1.332065221521899490e-01 3.281588267169450179e-01 -9.351833012323716998e-01
3.456967328230969860e-01 -2.372192095557590918e-01 -9.078660779725042929e-01
3.204373228281865438e-01 -3.408732360242630599e-01 -8.838129661308733453e-01
2.691598053268626778e-01 -4.449473504765548704e-01 -8.541515407117752368e-01
2.134059121991154495e-01 -4.979456347839077979e-01 -8.405403389713752560e-01
-2.978572807228474506e-01 5.318483264572643199e-01 -7.927284515929761133e-01
-2.670226528852781001e-01 5.211151381589580467e-01 -8.106404354753582453e-01
-2.133873553604817286e-01 4.970680840205380369e-01 -8.410642998132843440e-01
-1.260957810383896149e-01 4.522689492183719628e-01 -8.829227891368691683e-01
-2.234616833488430737e-02 4.044976884464290823e-01 -9.142659726809506671e-01
3.275017936206806590e-01 -1.270601763022885244e-01 -9.362682771370975932e-01
2.762342034767123478e-01 -2.395381177876910184e-01 -9.307610622261314193e-01
1.825512165470597192e-01 -3.741512694290655139e-01 -9.092226795025556418e-01
8.959817090745868240e-02 -4.509462588074257261e-01 -8.880425887521519179e-01
1.421294522724694531e-01 5.312853258761862651e-01 -8.351856807353458256e-01
1.700095422915096077e-01 5.477036862907226356e-01 -8.192175703397636122e-01
1.061465737388724989e-01 5.052575546699880071e-01 -8.564156165860141723e-01
5.831411465748015388e-02 4.656920101230411224e-01 -8.830234514095738341e-01
-4.891980690701719370e-01 -1.966267425414538472e-01 -8.497194674335474263e-01
-4.861589903924512512e-01 -2.775949238906540439e-01 -8.286075635008011142e-01
-4.890805521330108818e-01 -3.204134754470233659e-01 -8.112554580877894272e-01
-4.487162248280427423e-01 -2.449411721844134970e-01 -8.594519019380868485e-01
-4.613450319466880223e-01 -1.976839964048654197e-01 -8.649172209312927517e-01
-4.818005133608050383e-01 -1.079731196591340592e-01 -8.696033985423121671e-01
-3.722575138592730537e-02 5.031987197106079224e-01 -8.633685724621660285e-01
2.525987520697469541e-02 5.348224851837041216e-01 -8.445867913047505615e-01
7.952185186149425544e-02 5.537172383437237722e-01 -8.288989655184270111e-01
1.303653334750615178e-01 5.523770644075124414e-01 -8.233373904691043688e-01
-1.928935114304640985e-01 -5.464284128010924446e-01 -8.149896213644102216e-01
-2.434554966736893200e-01 -5.433647273963264634e-01 -8.034203097761983825e-01
-1.290103552056480474e-01 -5.357221230004977075e-01 -8.344807578234221257e-01
2.572526355952252652e-01 9.533619545076614703e-06 -9.663441837091072406e-01
1.685869036167533253e-01 1.123343446824119490e-01 -9.792647501741749139e-01
3.544197219819144457e-02 2.514793243891557672e-01 -9.672135317557735146e-01
-5.710000953682910912e-02 3.463010268419234872e-01 -9.363841026625365771e-01
-2.434309054778680537e-01 5.433602159105778151e-01 -8.034308122195934487e-01
-1.928774923764207949e-01 5.464212444658652634e-01 -8.149982187287031499e-01
-1.288962041644124146e-01 5.356936292737329852e-01 -8.345166889329073134e-01
1.685482329393334922e-01 -1.123542762323572891e-01 -9.792691202041095000e-01
3.556121214635865613e-02 -2.513192800484875256e-01 -9.672507532520153717e-01
-5.710456972033131628e-02 -3.462636966687381301e-01 -9.363976294749770668e-01
-3.441617099856960071e-01 -5.700772540886111378e-02 -9.371781242770391707e-01
-3.394863079623736124e-01 -3.000672458940853451e-05 -9.406109960050819119e-01
-3.441734596930119405e-01 5.697675506900116288e-02 -9.371756927197533171e-01
-3.571251846167877164e-01 -2.053538937899856899e-06 -9.340565306812051993e-01
-3.869371694687749330e-01 -1.457326935107851329e-01 -9.105172205541111063e-01
-4.075795038492459055e-01 -9.221437610366743642e-02 -9.085017649304891751e-01
-3.869000839388721524e-01 1.456076921823069581e-01 -9.105529776050572677e-01
-4.075165216988833605e-01 9.208603086604126575e-02 -9.085430355584602768e-01
-1.702520708132206351e-01 -2.261744669593546975e-01 -9.590929792671103460e-01
-9.040628854230377265e-02 -1.324406127242201137e-01 -9.870593635102392627e-01
-2.570117395651818626e-01 -1.019410466448577302e-01 -9.610166433182260048e-01
-2.096706310068952306e-01 1.501196140855095651e-04 -9.777720613503292357e-01
-2.704848848471829159e-01 -6.399344940404487714e-06 -9.627242216898124205e-01
-2.569586413446830475e-01 1.020575329232641520e-01 -9.610184788087640095e-01
-1.702792232937076211e-01 2.261481658458643074e-01 -9.590943609463264963e-01
-9.057755591476661372e-02 1.325350602193295646e-01 -9.870309844058418047e-01
-6.075744554199438707e-02 -5.571623385538793105e-01 -8.281779164578011443e-01
-1.294816458789709301e-01 -5.578050170296520172e-01 -8.198097744946828414e-01
4.885867850819278213e-02 -2.696941388694021869e-05 -9.988057012287645531e-01
-4.503234571423253563e-01 -1.244016517191162859e-04 -8.928654817337345895e-01
4.588599454953294285e-03 -5.638174831405494691e-01 -8.258866692592260472e-01
-1.294887965130008811e-01 5.577936049758670523e-01 -8.198164098294451474e-01
-6.067067863965858870e-02 5.571371925757754306e-01 -8.282011937942297397e-01
4.744717040066492517e-03 5.637964883096112656e-01 -8.259001195241226778e-01
