-2.898357113153103293e-01 -2.358358396710777127e-01 9.275649395988321277e-01
-1.539777532081640921e-01 -3.586581437799928329e-01 9.206819143532993799e-01
-5.393364078401018886e-07 -2.455919190648192252e-01 9.693733074980803721e-01
-1.541240156183970589e-01 -1.226771253075608359e-01 9.804060948076223081e-01
-3.691037876361623615e-01 5.892467758592961902e-01 7.187145685820371943e-01
-2.679306833710622948e-01 6.747836232244922572e-01 6.876628612454962486e-01
-1.380221991365818690e-01 6.013063572120782574e-01 7.870073299035036385e-01
-2.589795979672414594e-01 5.105618774196627463e-01 8.199122740649971153e-01
-3.711067115729175248e-01 7.288774191646816281e-01 5.753412174156901093e-01
-4.221476326730363993e-01 6.594594376730442686e-01 6.220165803999957443e-01
-1.596941147736898603e-01 7.522814660818953891e-01 6.391951075347200861e-01
-2.844285255283487968e-01 7.984388311258905357e-01 5.306560532172333033e-01
-4.536337711536228001e-01 5.857833179243234767e-01 6.716206564054693073e-01
-4.256538079651757678e-01 5.025553608176427378e-01 7.525004618458353001e-01
-4.453997819255365864e-01 7.238927538023683939e-01 5.268759960874164205e-01
-4.494270043957264149e-01 6.700353735954633905e-01 5.908197405729358476e-01
-4.169274330832964948e-01 7.760866365637452136e-01 4.731395651282469528e-01
-4.321772726116547281e-01 6.074810215626484933e-01 6.664755160387751953e-01
-4.559093540022844393e-01 5.104311500397866741e-01 7.291136413497424362e-01
-4.242350052259712956e-01 7.520749537203395008e-01 5.043886639561495633e-01
-3.731038036898770560e-01 7.083537510134442217e-01 5.991898823389207873e-01
-4.365383878345049928e-01 7.898236787055287200e-01 4.308280312409079049e-01
-2.895529958677990345e-01 6.483172743481256939e-01 7.041617529842122414e-01
-3.764686600150239926e-01 5.388472323776002382e-01 7.536013589328864892e-01
-2.869662425338528888e-01 8.057922465607578744e-01 5.180243537021878009e-01
-1.550496266071782481e-01 7.548865446220914821e-01 6.372644019851516628e-01
-3.642613485343855761e-01 8.378506856559737592e-01 4.065954974046388504e-01
2.895117391788961658e-01 6.484499804125457567e-01 7.040565146212194314e-01
1.549703863735867881e-01 7.549642385115585830e-01 6.371916335890508432e-01
-2.981167327351180133e-05 6.741088963519826782e-01 7.386319753235549568e-01
1.545666610348639947e-01 5.713330933326777883e-01 8.060320364349338185e-01
2.868587905399226923e-01 8.059162252527182213e-01 5.178909848263262283e-01
3.730436798375698082e-01 7.085082711422688861e-01 5.990446082356785107e-01
-5.491957006214463191e-05 8.418841878944379742e-01 5.396582355131465114e-01
1.529422761506979145e-01 8.958849237255864795e-01 4.171317101432649999e-01
4.321630481655314160e-01 6.076307755623044926e-01 6.663482125659443422e-01
3.764726496101665210e-01 5.389896028239586911e-01 7.534975462091250131e-01
4.241554940705972720e-01 7.522229010697498719e-01 5.042348896654583745e-01
4.493949199997885335e-01 6.701709828018155291e-01 5.906903246954645637e-01
3.641292044552212892e-01 8.379843208431563273e-01 4.064384338172790656e-01
4.536277792201919845e-01 5.858883367237499584e-01 6.715330928635132590e-01
4.559288255878659046e-01 5.105541899666865557e-01 7.290153119829034800e-01
4.453571420525299640e-01 7.239986455455273973e-01 5.267665301355466401e-01
4.221303016058047808e-01 6.595267711715182557e-01 6.219569491325461774e-01
4.364541426410842861e-01 7.899477599619326718e-01 4.306858691698166042e-01
3.690797049198739077e-01 5.892537127270119912e-01 7.187212487840405339e-01
4.256544719594072546e-01 5.026148264303431645e-01 7.524603688921792655e-01
3.710892238938354182e-01 7.288893075706045499e-01 5.753374359618143030e-01
2.679259596842613056e-01 6.746947700874077469e-01 6.877518792006083181e-01
4.168966214218627897e-01 7.761497449893778322e-01 4.730631885910797085e-01
1.380562343173289686e-01 6.011234933527506152e-01 7.871410432098585597e-01
2.589471238985098234e-01 5.104753429262116615e-01 8.199764089832439762e-01
4.536279322938755465e-01 -5.858791176132649436e-01 6.715410326908434202e-01
4.256551577439478540e-01 -5.025992708926498853e-01 7.524703712334139816e-01
4.581657497475127294e-01 -4.123559211365676602e-01 7.874304668108238481e-01
4.559276846267420469e-01 -5.105419795175774045e-01 7.290245767744537586e-01
1.597601582965784695e-01 7.521093143851405038e-01 6.393811625596782511e-01
2.844510139102335300e-01 7.983669480409875119e-01 5.307521426816469434e-01
3.800235647992696864e-01 8.757692587778581617e-01 2.976748151539448939e-01
3.380839463981003545e-01 9.048471693117118297e-01 2.587486142503339637e-01
3.903668710941692876e-01 8.932914272642958897e-01 2.228096315877420852e-01
4.026295331189712612e-01 8.834375540164610685e-01 2.396404540427414520e-01
2.549633062394294214e-01 9.105469556759457905e-01 3.254196582579579333e-01
3.095992986577417727e-01 8.735070743804587146e-01 3.756776081667993483e-01
3.690818271793807059e-01 -5.892426666463885798e-01 7.187292151077364633e-01
2.589458822496651380e-01 -5.104571663618385768e-01 8.199881166064454385e-01
3.686707288984986675e-01 -4.138488314266133283e-01 8.323527127247660751e-01
3.686854244748195009e-01 -2.135088128287367104e-01 9.047016329289376824e-01
2.531438237718112161e-01 -1.081045682538686326e-01 9.613696514914704672e-01
3.687257615903165031e-01 9.520741965410906522e-06 9.295382254910210529e-01
4.287726692269349660e-01 -1.073092425460813321e-01 8.970165687367182006e-01
4.135968207322723300e-01 8.728651693689387647e-01 2.589286889911789902e-01
3.943406448359949024e-01 8.945729482243148789e-01 2.103204605728810628e-01
3.887672314798711337e-01 8.997953420903403998e-01 1.980615613389010432e-01
4.099477896762664941e-01 8.487242175941370759e-01 3.340808468152034472e-01
3.977621932020078410e-01 8.902241539823277927e-01 2.220049398675130181e-01
3.744207033499498682e-01 9.057738691604433345e-01 1.984510893118217878e-01
3.382721998143642383e-01 9.261325654179480837e-01 1.668843614756053695e-01
3.039927148614982033e-01 9.450861760065951689e-01 1.200022884463737977e-01
4.148399555898497071e-01 8.642570861702990603e-01 2.845478874471479291e-01
3.623086416263158194e-01 9.065912119374814893e-01 2.163904402708738961e-01
2.514949412912547144e-01 9.619702931079916475e-01 1.065994825626908338e-01
2.106511942243284030e-01 9.738856788946363974e-01 8.469214140519448764e-02
1.304755829816414137e-01 9.912680972123175671e-01 1.907044033765287541e-02
3.407495284566708915e-01 9.148301712196353908e-01 2.167383599707473352e-01
2.624173011940887923e-01 9.455618229023965426e-01 1.924837632204522697e-01
-1.261109569421272887e-04 9.986058444962476743e-01 5.278590184852954836e-02
1.488641553093427994e-01 9.744288652237460546e-01 1.683087932426533817e-01
-1.668404730558687235e-04 9.989582370128734512e-01 4.563346215649468490e-02
1.125142190025322786e-01 9.752610977451450225e-01 1.902796409161629787e-01
-1.307615968340287149e-01 9.912297246938265305e-01 1.910595919644367258e-02
-3.746104398837775129e-01 9.056700844920695381e-01 1.985666547691488648e-01
-3.042454707402550973e-01 9.449954002292977329e-01 1.200765883905331871e-01
-3.385121283984721119e-01 9.260383164850454207e-01 1.669208654682795556e-01
-3.889340748109412771e-01 8.997037907645780708e-01 1.981498784627553078e-01
-2.517436725358732641e-01 9.618952434493652781e-01 1.066895682231277787e-01
-3.409472910461066597e-01 9.147256175280159551e-01 2.168685993091452047e-01
-2.109613850839107407e-01 9.738172556913512468e-01 8.470682688687375395e-02
-2.627392309493683520e-01 9.454818709733621152e-01 1.924373357247613492e-01
-4.136934822513587684e-01 8.727874463701784657e-01 2.590362449568935355e-01
-3.944735180334880131e-01 8.945054209234054587e-01 2.103584928376426300e-01
-4.026817633098178084e-01 8.833951311079392132e-01 2.397090733211449387e-01
-4.149670483325104686e-01 8.641531755592531949e-01 2.846781304720511496e-01
-3.625430855610012326e-01 9.065042935498055510e-01 2.163619118229386518e-01
-3.800182995912541051e-01 8.757578369330224488e-01 2.977151373816358526e-01
-3.903744549009765530e-01 8.932864829092304060e-01 2.228161673048498770e-01
-3.380176427259642957e-01 9.048811609024053348e-01 2.587163656398598910e-01
-4.099873545772076966e-01 8.486715501149780794e-01 3.341660801341509446e-01
-3.978575822093287639e-01 8.901875917524245674e-01 2.219806202544858664e-01
-2.895735691545128221e-01 -4.555114927780708478e-01 8.418173364775817236e-01
-1.545980778517813403e-01 -5.712512347263946078e-01 8.060840285901366142e-01
-1.222309634851131208e-05 -4.729229547469167572e-01 8.811037843092272004e-01
-2.548941301897105771e-01 9.106187192934648289e-01 3.252730091279642521e-01
-3.095541068845195087e-01 8.735537611025209204e-01 3.756062850573271272e-01
4.384187379611368951e-01 -2.209405637875608563e-01 8.711912978662026408e-01
4.613098765630048170e-01 -1.090833119096484422e-01 8.805078244105769558e-01
4.391453228207620740e-01 7.481913028747284367e-06 8.984160424818055102e-01
3.789295275971878985e-01 -1.152310276519934173e-01 9.182234060299473422e-01
3.748421688920651196e-01 8.242712123437893057e-01 4.243469299071134238e-01
1.275803376918138443e-01 -4.178684983695727939e-01 8.995049613564127799e-01
2.548731839936625998e-01 -3.181705010063376471e-01 9.131304355733129707e-01
1.981711147029886488e-01 8.576714252289551199e-01 4.744764858695402765e-01
4.317564232772813093e-01 8.192437389046360874e-01 3.773938092024848312e-01
4.052363023496567962e-01 8.527915775579405500e-01 3.294390148482962410e-01
2.783203397650686473e-01 9.143127703991961175e-01 2.942277117438182321e-01
-8.860014107565628266e-05 9.550666742119592323e-01 2.963910254372140174e-01
-1.530852322475697302e-01 8.958233414516961757e-01 4.172115201885304714e-01
-4.053774468518417939e-01 8.526670352474091663e-01 3.295877009026204063e-01
-2.785013958524528710e-01 9.142168064169944319e-01 2.943545538512125637e-01
-4.318292284083596333e-01 8.191510074457533097e-01 3.775117806014128830e-01
-3.748467527512740483e-01 8.242571956540196698e-01 4.243701065866876121e-01
-2.895514243584320635e-01 -6.483091563689018511e-01 7.041698732694021690e-01
-1.550481442294820711e-01 -7.548794273394447973e-01 6.372731934976287871e-01
-2.980572033103097863e-05 -6.741032105566353572e-01 7.386371643972806655e-01
-1.980968283926341778e-01 8.577974127799130599e-01 4.742797119937412487e-01
4.277485202364272876e-01 -3.149420302997038568e-01 8.472559949544457014e-01
-4.383433994807124923e-01 -2.208742839184478779e-01 8.712460128087845534e-01
-4.595318851916678771e-01 -3.199773052689048325e-01 8.285197466596931903e-01
-4.362231968535051907e-01 -4.273505215394931556e-01 7.918843692527530731e-01
-3.779881605056193417e-01 -3.376074260037795760e-01 8.620592650303576798e-01
-3.764668657798451723e-01 -5.388369585011115737e-01 7.536096012679056599e-01
-4.581373194314888875e-01 -4.122719541496581708e-01 7.874909728788974661e-01
-4.559082295025226328e-01 -5.104189239529397515e-01 7.291229034549649990e-01
3.760815693576054497e-01 8.933225332231932159e-01 2.460437051119516993e-01
-4.606020024637286214e-01 -2.130854383448473333e-01 8.616498078058089094e-01
-4.277307049087804569e-01 -3.149019981809280111e-01 8.472798685321727419e-01
2.922567815176789208e-01 9.089190341074454560e-01 2.974090837451286440e-01
-3.686950872389300748e-01 -4.138470145929435406e-01 8.323428266996637515e-01
-4.256545045095602720e-01 -5.025398056381118472e-01 7.525104561000661718e-01
1.656810648941098862e-01 9.261019933426108963e-01 3.389467254044448152e-01
4.321621857769386565e-01 -6.076212973375469950e-01 6.663574147605278997e-01
4.362635981107566563e-01 -4.274709114450160330e-01 7.917971285827090089e-01
3.764708418181882399e-01 -5.389793514251010054e-01 7.535057823255779663e-01
4.606544193470397119e-01 -2.131318324193947344e-01 8.616103109559404283e-01
4.595910816455766046e-01 -3.200625109240394783e-01 8.284539979822947986e-01
-1.660222432818709015e-01 9.260808110336276044e-01 3.388376398379516208e-01
-1.128602994877866417e-01 9.752399762677229633e-01 1.901829158701099920e-01
-3.687074112521251390e-01 -2.135093139647920857e-01 9.046925542625183780e-01
-2.549276301489237784e-01 -3.182339878890937945e-01 9.130931126335678494e-01
-2.925692558172015567e-01 9.088631272431635377e-01 2.972726803598778611e-01
-1.275858892675074963e-01 -4.180208804328830463e-01 8.994333685059369143e-01
-2.589783858276809014e-01 -5.105437189358040806e-01 8.199239639925687273e-01
-3.762916366907236854e-01 8.932725249832424996e-01 2.459040468692597903e-01
2.895101663082683685e-01 -6.484418780634783053e-01 7.040646237226150239e-01
2.895825956991515127e-01 -4.556175152401333861e-01 8.417568532982362406e-01
1.545664667011723004e-01 -5.713245057033916607e-01 8.060381607308000351e-01
4.614622493468464315e-01 8.436318646807052250e-06 8.871598460010333698e-01
-2.532101769198262242e-01 -1.081280103473429149e-01 9.613495408448252677e-01
-1.220682279699551731e-01 -2.143617480066981884e-01 9.690966869780270887e-01
-2.869641073624503158e-01 -8.057864557525203919e-01 5.180345440329859885e-01
-1.530847622147243070e-01 -8.958166355426615546e-01 4.172260910617730523e-01
-5.490854030149186434e-05 -8.418758004236270853e-01 5.396713200144421796e-01
-2.785026711519325016e-01 -9.142135245950263611e-01 2.943635398767625033e-01
-1.490817008485001705e-01 -9.743826698637573225e-01 1.683836664920153325e-01
-8.860008929448819775e-05 -9.550624213417633346e-01 2.964047291978209597e-01
-1.490810015865157157e-01 9.743839001050859094e-01 1.683771664506898968e-01
2.531429035752097434e-01 1.081219385898080226e-01 9.613679403667950707e-01
3.686847860914492236e-01 2.135266081231604884e-01 9.046976932258204984e-01
4.287724773848468618e-01 1.073258118728707550e-01 8.970146781090539978e-01
1.202180575795243761e-01 8.877443777128515861e-06 9.927475099706857264e-01
1.220290072636604634e-01 2.142909158922032542e-01 9.691172915350987349e-01
2.548719696285977609e-01 3.181883894462193552e-01 9.131245412972208708e-01
4.606538632120794619e-01 2.131479441027510080e-01 8.616066226721782462e-01
4.613096614898956616e-01 1.090980511782733559e-01 8.805061109641323380e-01
4.277479027236709141e-01 3.149591625518814997e-01 8.472499381175068178e-01
4.384190533748016927e-01 2.209531824021057633e-01 8.711879388652734590e-01
3.789300094387456075e-01 1.152436893579751737e-01 9.182216181347041539e-01
4.595912817305958242e-01 3.200764008056154464e-01 8.284485206725590301e-01
2.902042343215300857e-01 5.342282605288116540e-06 9.569647341220652859e-01
2.898774376717239143e-01 2.359032790658669165e-01 9.275347508610377600e-01
1.541448319985284643e-01 1.227026720908750701e-01 9.803996251681782459e-01
3.780394441710620557e-01 3.377146393835376847e-01 8.619947801447993552e-01
3.604982310010587693e-06 1.668268719827937126e-06 9.999999999921104221e-01
1.541432792143860864e-01 -1.226944699003715417e-01 9.804008958221640535e-01
-5.376008352349761589e-07 2.456034797813205772e-01 9.693703785029831321e-01
1.539800361780985227e-01 3.587180702557460354e-01 9.206581855013210580e-01
-1.541255640100083757e-01 1.226853211949842370e-01 9.804048258152751050e-01
-4.390581057157683098e-01 7.476833903249028520e-06 8.984586689154806516e-01
-3.788567234293114261e-01 1.152093218589991946e-01 9.182561708309919801e-01
-4.383437133176388834e-01 2.208869081632303666e-01 8.712426543718989613e-01
-4.612292992443135509e-01 1.090677448827659796e-01 8.805519635687534263e-01
-2.901533043036528259e-01 5.331370670958206884e-06 9.569801774191817323e-01
-3.788562413146061014e-01 -1.151966660879156362e-01 9.182579575147704620e-01
-2.898373044739563920e-01 2.358456592960466169e-01 9.275619450616138240e-01
-3.779896818874521891e-01 3.376171923732607660e-01 8.620547730861535252e-01
-4.614013185804862194e-01 8.431292748657320878e-06 8.871915368966849513e-01
-4.606014459451324150e-01 2.131015412147168053e-01 8.616461229096117336e-01
-4.287443370511722640e-01 1.073118078396728403e-01 8.970298040448446697e-01
-4.612295131934652792e-01 -1.090530125067385586e-01 8.805536761734196194e-01
-4.595320795219152155e-01 3.199912025240075342e-01 8.285142715714099992e-01
-3.687464956079268830e-01 9.511648517506986742e-06 9.295300005305916491e-01
-3.687067673477863461e-01 2.135270937459683993e-01 9.046886204370792051e-01
-2.532092524319130566e-01 1.081453594337914853e-01 9.613478328450159038e-01
-4.287445302245636025e-01 -1.072952523263119157e-01 8.970316920994214627e-01
-4.277300836504177028e-01 3.149191211369217203e-01 8.472738180085324089e-01
-2.517458380317664779e-01 -9.618941923903406854e-01 1.066939345952570423e-01
-1.307624346970723550e-01 -9.912295641554276227e-01 1.910855348618236207e-02
-1.261021271472024684e-04 -9.986056716106771480e-01 5.278917242429644052e-02
-1.202639100107076031e-01 8.869922882317596887e-06 9.927419563362180899e-01
-1.220642163300067751e-01 2.143779189910832716e-01 9.690936151584088609e-01
-2.549263994708186876e-01 3.182518623810697833e-01 9.130872263611105044e-01
-3.686925546232296402e-01 4.138640117576465882e-01 8.323354972228825810e-01
-1.275812155083406452e-01 4.180404570313389634e-01 8.994249327956407303e-01
-4.581376540076851911e-01 4.122867865353066485e-01 7.874830129143898239e-01
-4.362244195019751580e-01 4.273622121563767640e-01 7.918773866268521422e-01
-2.895743066839612245e-01 4.555222049343743973e-01 8.418112862870332780e-01
-1.539786039740780876e-01 3.586689611596092786e-01 9.206775580076235199e-01
2.895833356780267431e-01 4.556282072400587024e-01 8.417508113835099337e-01
-1.222545408093074644e-05 4.729343055724956058e-01 8.810976917817904264e-01
4.362648306352540639e-01 4.274825822737569059e-01 7.917901485894817126e-01
4.581660961722901493e-01 4.123707499526457210e-01 7.874224996161433010e-01
3.686681991058003982e-01 4.138658359152493360e-01 8.323453783317709131e-01
1.275756674923376743e-01 4.178881036124643122e-01 8.994965157926202437e-01
3.780379156669670948e-01 -3.377048986817065557e-01 8.619992666612619203e-01
-1.545982778192202534e-01 5.712598307083264215e-01 8.060778984157953575e-01
-2.109625401502122355e-01 -9.738164982653343404e-01 8.471265761155186147e-02
-1.128612691217216052e-01 -9.752381281145768854e-01 1.901918173944664725e-01
-1.668262460897778059e-04 -9.989579682964497831e-01 4.563934427697565605e-02
-3.711097587944667819e-01 -7.288709962819189814e-01 5.753473887196460801e-01
-2.679313902775573020e-01 -6.747787998005037036e-01 6.876673188713620100e-01
-1.597004954454006309e-01 -7.522746378375056997e-01 6.392015496077453340e-01
-2.844307800250945872e-01 -7.984329206221786324e-01 5.306637378237318847e-01
-3.691059138376897031e-01 -5.892357166808608326e-01 7.187225435156717745e-01
-4.221484814101308380e-01 -6.594545999296969052e-01 6.220211333023059064e-01
-1.380165718535228403e-01 -6.012986519449629030e-01 7.870142038508399773e-01
-4.454023618061427325e-01 -7.238890601188788798e-01 5.268788900095686678e-01
-4.169262974655042475e-01 -7.760831379344282910e-01 4.731463045354534214e-01
-4.536339404361242056e-01 -5.857740746918981278e-01 6.716286038453436191e-01
-4.494275719695113303e-01 -6.700299970308942754e-01 5.908254062177499266e-01
-4.242360008144284156e-01 -7.520711351960465141e-01 5.043935201981785132e-01
-4.365406580887034038e-01 -7.898198619787847319e-01 4.308327279342825111e-01
-4.321764233122297183e-01 -6.074715231418043038e-01 6.664847242846786424e-01
-3.731025100064832567e-01 -7.083469064217111644e-01 5.991987793626201153e-01
-3.642621422253549124e-01 -8.378469825304619700e-01 4.066024171177480273e-01
1.549689162505824558e-01 -7.549571258899901993e-01 6.372004182861501498e-01
2.868566485405194544e-01 -8.059104367933930257e-01 5.179011788513174785e-01
1.529418208948511160e-01 -8.958782098643169878e-01 4.171462962938473074e-01
3.730423778857272499e-01 -7.085014387940166136e-01 5.990534997211605095e-01
4.241564853053290673e-01 -7.522190997002925483e-01 5.042397267367098035e-01
3.641300023031149857e-01 -8.379806216930353324e-01 4.064453457596569064e-01
4.493954759902822338e-01 -6.701656361162292574e-01 5.906959677604014525e-01
4.453597161362544687e-01 -7.239949782389631938e-01 5.267693942588141942e-01
4.364564116374151648e-01 -7.899439556676752794e-01 4.306905474290054769e-01
4.221311330723260813e-01 -6.595219691619572666e-01 6.219614768486945167e-01
3.710922714793570276e-01 -7.288828992496427794e-01 5.753435888490687766e-01
4.168954584782467165e-01 -7.761462687551700101e-01 4.730699168174197222e-01
2.679266490260852618e-01 -6.746899834099665538e-01 6.877563064254020864e-01
1.597665497001893309e-01 -7.521025028594380268e-01 6.393875779130115955e-01
2.844532604418933408e-01 -7.983610513688589316e-01 5.307598084644185032e-01
1.380505474633453855e-01 -6.011158092083258575e-01 7.871479087597773594e-01
1.220330102225963831e-01 -2.142747326259650809e-01 9.691203657823334039e-01
2.898758421191650059e-01 -2.358934795279868935e-01 9.275377418045498423e-01
1.539791810575325826e-01 -3.587072743961367549e-01 9.206625348607091475e-01
3.800245210935895290e-01 -8.757671828561788274e-01 2.976797016925074035e-01
3.380848375641256620e-01 -9.048456658792976004e-01 2.587527073262983479e-01
2.549647684887312860e-01 -9.105441958520833490e-01 3.254262346977730980e-01
3.096007315390811310e-01 -8.735035539162779861e-01 3.756846128418068198e-01
3.903677872022666695e-01 -8.932903400398297666e-01 2.228123854419461480e-01
4.026307768783918828e-01 -8.834361277724475103e-01 2.396436221907974062e-01
3.943425775776894793e-01 -8.945714002185713998e-01 2.103234209981582059e-01
3.977638579924546725e-01 -8.902227581466519712e-01 2.220075542695013615e-01
4.135983202184341789e-01 -8.728628486303746659e-01 2.589341170903463052e-01
4.099477390208683958e-01 -8.487218497939826856e-01 3.340869242487024549e-01
3.887676546885577844e-01 -8.997945196123147138e-01 1.980644671403783141e-01
3.382740626245367421e-01 -9.261312015397298314e-01 1.668881544330431954e-01
3.623105076968348159e-01 -9.065894356275765453e-01 2.163947578406976713e-01
3.744220954997437012e-01 -9.057717498787080102e-01 1.984581354423239075e-01
4.148397035295735003e-01 -8.642553741223605313e-01 2.845534548658882334e-01
3.039943321065999293e-01 -9.450849525310499599e-01 1.200078270215965137e-01
2.106523747223244813e-01 -9.738849166133181079e-01 8.469797055960813503e-02
2.624191610586901202e-01 -9.455597837043497877e-01 1.924912448664538034e-01
2.514971351911256536e-01 -9.619692379719039232e-01 1.066038281977294000e-01
3.407522889754757145e-01 -9.148280496815599516e-01 2.167429746815516256e-01
1.304764404393899679e-01 -9.912679347594122170e-01 1.907301780200358968e-02
1.125152161066842876e-01 -9.752592436224638561e-01 1.902885542364685656e-01
1.488648601509840463e-01 -9.744276352101564065e-01 1.683152909006482012e-01
-3.042470659847094083e-01 -9.449941813228388554e-01 1.200821389952467372e-01
-3.385139725692757340e-01 -9.260369543661488567e-01 1.669246821882071075e-01
-2.627410652178282513e-01 -9.454798386102369889e-01 1.924448165832515212e-01
-3.746118208638009595e-01 -9.056679685713294736e-01 1.985737001039907523e-01
-3.409500302352294065e-01 -9.147234988747039441e-01 2.168732290740717217e-01
-3.889344968484196308e-01 -8.997029619504439690e-01 1.981528133004026027e-01
-3.944754421555957125e-01 -8.945038693721806267e-01 2.103614822498257597e-01
-3.625449384517219764e-01 -9.065025165910758354e-01 2.163662520290136337e-01
-4.136949789638763031e-01 -8.727851217576155785e-01 2.590416870285986439e-01
-4.149668059025022893e-01 -8.641514537272382279e-01 2.846837104931997930e-01
-4.026830082500029717e-01 -8.833936957743602214e-01 2.397122715524698244e-01
-3.903753755568654671e-01 -8.932853855452321801e-01 2.228189537048911040e-01
-3.978592422628371428e-01 -8.901861890376764341e-01 2.219832700737119913e-01
-3.800192650204082812e-01 -8.757557489725644739e-01 2.977200469482203515e-01
-4.099873186945826031e-01 -8.486691691220404898e-01 3.341721710306410076e-01
-3.380185426840950358e-01 -9.048796459689198990e-01 2.587204883902373131e-01
-2.548955987825696767e-01 -9.106159520716968769e-01 3.252796051919513709e-01
-3.095555475253805588e-01 -8.735502313241876315e-01 3.756133069390910628e-01
1.981741276860562451e-01 -8.576667862278510857e-01 4.744836129071902664e-01
3.748444923831067976e-01 -8.242671661602379851e-01 4.243527369067173760e-01
4.317576607772607988e-01 -8.192394506982340063e-01 3.774017021421653961e-01
4.052388391942588486e-01 -8.527882926297689625e-01 3.294443976790205064e-01
2.783216318523153987e-01 -9.143094812055455600e-01 2.942367105252347570e-01
-4.053799743970475378e-01 -8.526637485744555933e-01 3.295930949288926604e-01
-4.318304695840234908e-01 -8.191467160041446816e-01 3.775196725979542145e-01
-3.748490815880318738e-01 -8.242531367502013984e-01 4.243759330947770581e-01
-1.980998442194709663e-01 -8.577927629694668266e-01 4.742868620544219982e-01
3.760838629960395196e-01 -8.933205370017499591e-01 2.460474469789935281e-01
2.922591042929126304e-01 -9.089164686653409264e-01 2.974146414466351529e-01
1.656829243231492110e-01 -9.260982710038156984e-01 3.389559868647727403e-01
-2.925715566835221937e-01 -9.088605597327835683e-01 2.972782655728323231e-01
-1.660240801288804247e-01 -9.260770945497623918e-01 3.388468972377190469e-01
-3.762939164283481963e-01 -8.932705258519861857e-01 2.459078203374812921e-01
