2.902496661667662536e+01
9.054824296698404851e+01
1.129133716248695549e+02
6.019470862713726689e+01
5.639087752614660332e+01
2.390829827100244742e+01
4.056992484120272024e+01
1.075065927532245666e+02
1.196110218787040793e+02
9.261022505799905957e+01
1.148303272859186990e+02
2.773599326891581285e+01
2.452872437969092445e+01
2.849144056922936130e+01
7.735530427618418514e+01
1.128935099248637357e+02
4.205211535647197252e+01
4.498083217122530186e+01
4.499632765160927050e+01
2.925631579885421374e+01
3.143128787269863622e+01
1.132513625913035469e+02
3.371455872836340717e+01
1.216469924356086807e+02
8.914019251023782431e+01
7.760664712361783302e+01
2.159310552455636056e+01
2.636100809199679063e+01
7.471777731472013784e+01
1.048732836245953450e+02
2.539514250375987814e+01
3.007647918343955595e+01
6.882437893421339936e+01
3.577053869389998653e+01
3.604882055367148297e+01
2.907534648493410145e+01
2.832761590757154480e+01
8.449645619285047360e+01
2.773607064571329062e+01
4.166698293477631410e+01
5.262241604009890494e+01
1.250200817109339653e+02
4.113369036913609733e+01
3.524109205282952928e+01
1.148905479051820038e+02
5.337540960824177461e+01
9.338670696454515507e+01
5.004835579901341447e+01
4.599997935350290845e+01
2.539489696799526897e+01
5.840991765255761692e+01
5.429382683405974319e+01
3.603659305652232092e+01
1.244233855874904009e+02
5.260625881119079850e+01
2.847225149215295303e+01
2.382004536074963141e+01
5.202906527325152553e+01
7.576356703309892282e+01
2.785837896840792638e+01
4.405386407556230211e+01
3.277467671858526188e+01
4.110783848670089213e+01
2.783971422696692599e+01
4.991834017438318938e+01
8.896057872251209631e+01
1.114877913533479443e+02
6.989405863584467227e+01
7.763331721436139787e+01
6.061286834621368769e+01
6.039446784976652083e+01
1.148627928430701814e+02
1.095850202341694626e+02
3.606761452985352179e+01
9.322235111681834496e+01
3.072773267187477231e+01
1.196110210400383522e+02
5.035325847411490230e+01
4.206963290287803403e+01
2.380265962863678553e+01
2.757067752352368117e+01
4.206881760466585973e+01
2.847225144466906244e+01
5.204248684567086514e+01
3.574513560981449700e+01
4.254889316022534729e+01
8.305537729441536499e+01
3.703844346344568805e+01
1.143622060048131601e+02
5.986791218365495837e+01
6.035237869370995867e+01
1.115301042920151247e+02
7.506060819294532394e+01
3.604882112616500223e+01
5.841001600761967438e+01
6.042077549793359026e+01
3.371455798655255620e+01
6.014406156671385872e+01
7.511133331519801004e+01
3.005961523843437533e+01
1.160049187967886297e+02
1.172888418660175489e+02
1.233137026769588402e+02
3.369149508432551698e+01
1.132509883120074647e+02
9.063209657139536546e+01
2.389973246869689660e+01
2.222598584885293960e+01
9.178323953057562790e+01
5.339416369124067785e+01
4.991833875644910989e+01
4.952932429391101010e+01
5.337470827405806517e+01
3.139427755462729763e+01
2.907534578691688054e+01
2.300647154117545412e+01
1.091109263904445896e+02
4.320353263661323950e+01
4.987536286593316248e+01
4.056992622572204255e+01
3.603659275733194534e+01
5.840879155137726997e+01
8.451586758716007353e+01
5.994675779504959223e+01
3.433623887687758724e+01
7.473000903737158751e+01
3.986463711546803523e+01
7.756121742037102251e+01
3.899381076855231498e+01
6.065942915366864696e+01
2.327558584546671483e+01
1.095378655880124228e+02
8.760988648422021186e+01
2.942694523706208898e+01
8.606039720491317269e+01
5.986887450788255194e+01
1.149333708731541037e+02
1.111290184588169581e+02
9.269175632246304986e+01
3.431851388733249308e+01
1.145931031163768665e+02
2.119384003059673915e+01
1.146213724642434784e+02
1.132152713638164698e+02
4.987536145709225366e+01
6.884080145859394406e+01
2.540667918875871223e+01
5.993267239638506538e+01
1.172576065413528141e+02
4.166818913125165125e+01
1.048498515764116803e+02
7.605674324732075320e+01
9.261176820300720181e+01
5.991516326138331294e+01
3.078119579633858294e+01
9.317168139914963376e+01
3.455169555287527317e+01
2.684987505366852645e+01
9.172132056114320164e+01
5.925733269246943991e+01
7.506061221068773648e+01
2.945539498876653184e+01
1.095375551083628949e+02
8.926643316035729470e+01
4.113368724266970133e+01
2.389957912905073556e+01
6.064931367752892299e+01
3.078119466281330574e+01
1.132149019237060656e+02
5.429382786638242209e+01
7.723457942109671137e+01
2.905109344273604677e+01
2.926708348511356306e+01
2.380265887814915615e+01
2.292279397639855532e+01
7.722495020648206321e+01
5.926351896568408506e+01
1.048735150461646413e+02
3.986463700492568307e+01
6.702005187630220462e+01
1.155372485673003666e+02
3.139739662692209521e+01
5.637789243787209159e+01
1.143622220440694690e+02
4.320353056671373793e+01
3.985213447984923363e+01
7.355571849160206455e+01
2.540643615351201490e+01
5.742898320144395541e+01
3.593080024991203203e+01
4.882227530187041253e+01
4.254957960009552664e+01
1.111287452611916819e+02
1.250200763148675804e+02
1.153843115823451058e+02
1.016946339524821639e+02
2.785837553686570800e+01
3.456600816002085708e+01
4.205293753440324878e+01
1.016741749150268390e+02
6.702094260416274096e+01
1.195823404798088490e+02
1.069816297539369288e+02
7.231101756775774447e+01
4.322308792854080650e+01
2.161024695252902106e+01
4.253059396583854124e+01
3.577140604021246162e+01
8.603907040303178633e+01
1.048496124829087819e+02
9.172132054797339151e+01
3.277451136887006555e+01
4.146801269211648844e+01
3.177760220684398362e+01
1.196099658526533034e+02
3.613765581626488199e+01
9.317854227360888331e+01
4.143647809147479677e+01
2.832702992034422351e+01
3.178233270054443693e+01
7.576958602496355866e+01
5.035325917414425589e+01
5.742898311457149418e+01
7.231101499015652223e+01
8.890521933043828540e+01
5.431248120773850019e+01
2.783971076916532539e+01
2.900779585642965586e+01
7.735530386107872403e+01
2.945539457354585977e+01
1.016946328958084962e+02
5.531276834614684645e+01
2.834630111737688551e+01
4.122584630493025770e+01
7.661659437816193474e+01
1.069814356357063048e+02
4.110783538249066993e+01
7.473000798303968395e+01
5.204248688715640725e+01
1.244507940939670334e+02
1.250197188895793801e+02
7.722495058408331658e+01
5.007151947365289146e+01
2.390844964795930849e+01
5.042559337222070326e+01
4.154076833030639904e+01
4.157690134627129908e+01
9.269215131885421499e+01
6.989405864889195641e+01
9.322269864365802050e+01
7.661791901360862767e+01
7.576958528674008164e+01
6.064931250059810708e+01
1.233137037459165555e+02
8.926643046535313886e+01
5.260543289924632404e+01
2.684987505777190009e+01
6.014506766222739031e+01
7.756157538160654497e+01
7.661799804974045003e+01
2.117649453366189505e+01
1.172945377259754451e+02
1.244509098612832076e+02
9.317168633291029778e+01
5.007151883191711050e+01
2.587871677160423189e+01
3.177760112274041404e+01
2.221042598741909657e+01
2.985553254037118620e+01
1.216246644171091020e+02
9.067915468559981207e+01
2.117649559616114630e+01
2.454382260030297758e+01
6.987455046371887590e+01
2.294048627970780529e+01
3.142554817631871700e+01
8.931811195037978734e+01
4.058931580945482409e+01
1.075065933034683212e+02
3.596759504055527401e+01
5.840869319459483222e+01
3.139428101307044727e+01
8.760961560684422977e+01
2.588063060834475593e+01
5.743671621020215667e+01
7.757942275233408225e+01
9.171250991212991721e+01
2.292279373362467254e+01
1.196469666207310496e+02
2.294048652205308159e+01
3.514137661022203929e+01
5.993267459140741948e+01
9.319802738517152818e+01
9.063210015420406762e+01
1.070074468850388030e+02
4.322308586654323648e+01
9.053372288170750437e+01
8.931810923175416406e+01
7.605673700397615278e+01
8.890522132737525851e+01
3.007586595350636927e+01
4.952932263021467207e+01
1.143481492948563982e+02
1.216783013090214212e+02
1.216783070366918196e+02
1.250272612277960746e+02
3.367320219464099296e+01
3.703844363624369862e+01
3.526168754705797426e+01
2.900779212689032249e+01
7.760664815984839038e+01
2.684227103964579797e+01
3.803994445771043331e+01
2.588042784006968589e+01
7.763331823103364115e+01
2.833892241356113928e+01
2.735630059574684836e+01
3.372231799017301057e+01
2.587891955504610308e+01
3.143128797922205209e+01
3.704541889297097157e+01
4.796639253017820437e+01
8.896057670838048637e+01
1.159944066810477921e+02
5.038310035031958023e+01
4.403549871023623297e+01
1.148625730471135853e+02
1.172890725827708991e+02
3.596760128418420521e+01
3.610305354443396908e+01
3.072773173917396150e+01
2.635410320813582175e+01
7.661651534259389962e+01
7.610364345995117219e+01
1.123654546808652412e+02
5.262323509312744818e+01
3.367320170665966828e+01
7.353862217290276249e+01
1.173358572525263099e+02
8.305537859386278399e+01
7.682689962210123724e+01
2.758777968826515092e+01
6.884080170433279022e+01
3.139739673343207471e+01
4.883072373132437605e+01
1.250180924505694975e+02
1.111051533207832591e+02
3.079119428389472191e+01
9.182401744675784983e+01
6.035323027779591598e+01
5.046201943728084416e+01
2.834571979546086240e+01
5.030696938265282370e+01
3.899381343023033963e+01
3.606072045032204443e+01
4.598887667799681367e+01
3.070521960406284023e+01
7.686832385566833636e+01
2.735466317557085247e+01
1.244349650037322448e+02
6.700763611631221295e+01
4.141548539302531395e+01
1.244233700607011457e+02
1.160050437701052033e+02
4.146886276237805191e+01
4.598887662921458030e+01
6.039532532372267326e+01
6.039872700558915142e+01
3.372231873743759678e+01
1.216246693547848849e+02
3.300055234424758055e+01
4.122479717126369536e+01
1.146213740584188230e+02
1.070072594327569533e+02
5.004835515637358867e+01
3.610305236789054106e+01
5.926351623467486718e+01
9.054845841325855815e+01
7.723457903980175843e+01
3.322421244051929534e+01
3.277580738063802102e+01
1.250272558276586068e+02
8.763105265410375466e+01
6.062978674701615489e+01
1.172948117123764007e+02
9.265858339363406060e+01
2.757067777238880524e+01
6.882437918279005373e+01
2.159310666025072933e+01
9.265897349124237792e+01
1.155568261102761483e+02
8.606040027161814976e+01
2.325731384523019329e+01
3.300055337983940973e+01
5.202906531252724420e+01
6.042077513893219987e+01
2.957826226083599863e+01
7.576356629705441037e+01
4.882227516163634107e+01
5.639087796361133087e+01
9.053350439083978074e+01
1.232895923553261923e+02
3.118615703933690853e+01
2.487947170995358093e+01
4.121240838358981051e+01
1.232895625641205157e+02
3.804113528292482016e+01
1.172573753163529204e+02
8.307086176404894218e+01
3.512583068139798570e+01
6.062978720017061107e+01
5.532946379775993506e+01
5.038309963797092195e+01
7.107024054314828732e+01
4.145488801460663097e+01
9.182401569246080442e+01
1.115303884567474597e+02
4.700820087613037401e+01
6.700853515013328376e+01
3.613765462894780711e+01
5.991419415039205632e+01
2.926708213488954868e+01
1.232895902134416133e+02
1.159444956828966298e+02
4.700276742150943221e+01
4.252990155974049458e+01
1.128935119417961914e+02
9.067915108256926260e+01
1.250180482299488745e+02
7.353883344714704151e+01
2.834347326759099062e+01
2.942694564835858984e+01
1.153843095428746892e+02
8.603907348278308120e+01
2.488329964831408248e+01
2.300623785599459836e+01
6.039872665288976350e+01
7.738985651984978631e+01
3.142555164872377915e+01
1.173355765902202279e+02
3.524109192164387849e+01
3.005900449165155308e+01
4.883072359573869647e+01
5.743671629688296321e+01
1.155372489648904377e+02
6.987455044942359450e+01
3.456600711055082087e+01
1.091109317580136491e+02
2.299353601232470723e+01
9.338670573765257643e+01
3.115875081340753283e+01
7.107023884772142708e+01
3.899937876382996649e+01
2.849144061688526364e+01
3.115874978620110625e+01
2.905109275034588734e+01
3.178233378072114235e+01
4.143732352713301026e+01
3.070521866982188541e+01
3.301510074353173252e+01
7.682689690915799474e+01
2.772253352454265851e+01
1.244335068078911490e+02
1.129133736454807888e+02
9.178324129105322982e+01
1.244334932350657823e+02
4.403550099441285681e+01
9.171250992535181012e+01
1.123344636276969624e+02
5.431248223885373960e+01
2.221042473142182061e+01
1.145931047483086331e+02
1.232718775458475733e+02
4.121135139261287605e+01
3.593080646081517671e+01
3.301510177214193931e+01
5.994675999305034964e+01
3.433683837143718875e+01
5.637789287879059685e+01
1.143481672693318956e+02
6.065942959832090509e+01
5.925733542197175296e+01
1.216486905759419699e+02
1.196470165707728341e+02
1.159444383315113924e+02
3.322421206537187288e+01
3.606071987867363049e+01
4.796747857314856134e+01
4.796627429193216585e+01
3.606761483079494468e+01
1.090850371501952907e+02
3.079119314583174827e+01
5.026695699582641197e+01
2.833892155792050715e+01
1.123344588496668450e+02
3.899937609840846875e+01
9.261170347309654005e+01
5.532946224177657513e+01
7.511132928286738775e+01
2.735485518130916560e+01
1.155568257405864756e+02
1.148902507740739196e+02
1.074561314305281741e+02
4.700276608714378312e+01
4.405386634154727687e+01
2.454382074093973642e+01
2.960980524208688891e+01
7.104961319021093402e+01
4.145489109755261836e+01
1.232895614699227167e+02
3.324143270266681327e+01
2.957825772390995667e+01
2.327558477489585442e+01
3.277597272346717716e+01
3.804099118515561884e+01
3.514137769233406061e+01
9.337097198415224852e+01
2.222598709722860377e+01
6.019369433858047103e+01
1.153910898358565333e+02
3.574427288643982337e+01
2.325731492169859749e+01
4.498083111077001917e+01
2.636100742924358187e+01
9.337097076692887754e+01
4.170875825404666415e+01
4.170997214625678851e+01
7.610364972665374239e+01
4.157689598568883582e+01
2.487947163800432904e+01
5.026793147237926007e+01
2.161024582241407188e+01
1.153910877733848395e+02
4.599997930513292488e+01
1.250197631281197062e+02
9.261028979868289923e+01
2.984131181875761740e+01
2.382004610823545576e+01
8.915912349010589821e+01
7.104961489564055910e+01
1.090850424949577189e+02
7.757978374814535982e+01
1.159945297195692007e+02
2.984131193793404790e+01
9.319768286871456553e+01
3.369149459605777963e+01
8.915912258821362002e+01
3.804008856026011642e+01
3.455169659401096993e+01
5.046114972437751334e+01
1.216469981370959346e+02
3.985213459161236926e+01
1.123654499476858035e+02
1.244348511402206299e+02
3.324143307363987532e+01
4.796759680952084182e+01
1.195823396182725844e+02
3.512583177032924908e+01
1.216486856305719186e+02
3.431911808513797268e+01
1.114875138027775421e+02
2.758777943949830203e+01
7.355551025532301423e+01
1.159460019373649544e+02
5.042645722048684576e+01
3.118615600178683778e+01
8.914019340500168198e+01
2.925631714206635436e+01
1.159460593008045777e+02
2.960980068311935298e+01
1.196099220270137948e+02
8.763078666785099813e+01
4.058931719924014203e+01
7.738985695127610143e+01
2.299377215795582430e+01
1.074561308775373334e+02
8.451586529035830608e+01
8.307086047808694218e+01
8.449645850217525833e+01
2.772245669774625298e+01
4.954522655844120749e+01
2.635410254490731674e+01
2.684227103650534829e+01
7.471777837508065545e+01
4.954522823543173615e+01
4.141548845947213664e+01
4.499632870476654034e+01
1.148305547508734890e+02
1.149336756360436311e+02
1.016741738562811435e+02
7.229127431979975427e+01
4.700819954361396924e+01
2.902497032758247997e+01
5.531276678300936567e+01
2.119383897277811712e+01
2.834347412393352883e+01
1.111048752534844795e+02
5.030795059643588729e+01
4.154076299097925329e+01
1.232718797072814567e+02
7.686832112984437515e+01
2.488329957771179934e+01
7.229127689983110372e+01
9.317853732807259348e+01
5.339346831869752918e+01
6.061286950489762404e+01
2.452872251368241763e+01
1.095853383515137978e+02
3.526168766679693078e+01
2.985553266017839746e+01
3.704541906871720869e+01
2.735610860069386518e+01
