B	3	64	414	215	275	161
B	5	27	456	514	321	481	241	524	444	405	269	346	282	539	45	425	379	386
B	7	276	333	70	350	212	207	330	13
A	11	31	608	164	412	252	357	270	72	588	552	230
A	205	537	592	515	18	399	237	210	532	534	428	194	467	583	182	17	409	309	173	26
B	65	498	420	597	528	73	402	35
B	195	334	136	607	427	600	166	324	42	308	300	38
B	396	181	474	39
B	55	356	520	457	244	349	151	254	502
A	80	485	206	112	507	132	596	369	509	180	516	175	159	488	406	219	523	243
A	82	458	84	217	564	90	298	163	575
B	133	281	375	585	144	97
B	561	510	191	604	451	382	192	482	102	500	46	378	376	487	547	266	581	106
B	107	505	268	354	48	443	220	496	423	193	53	302	296	337	231	466	559	218	521	271
A	114	565	489	246	352	153	98	322
B	115	187	347	320	417	50	234	263	323	359	599	15	566	602	169	117	306	226	174
A	470	606	536	93	355	188	58	9	568	381	462	88	377	562	411	504	477	351	130	141
A	511	343	189	149
A	157	172	197	572	242	480	437	348	91	338	71	29	577	200
A	341	554	85	109	413	571	137	558	253	390	449	170	176	555	312	213	331	165
A	171	450	120	598	530	89	92	299
B	179	408	177	326	439	416	415	573	129	264	277	446	421	256
A	199	468	501	131	105	460	605	221	62	440	441	461
B	455	454	52	245	492	135	160	224
A	229	438	419	508	110	518
A	283	595	368	126	580	395	314	138	21	288	327	373	576	342	83	233
A	257	118	361	329	113	431
A	260	392	36	139	325	593	429	400	479	362	41	484	152	251	284	533	486	609	272	517
A	473	394	32	578	202	407	214	168	389	25	367	111	185	96	493	265
B	594	512	232	124	60	497	186	1	183	465	305	563	535	397	222	365	34	543	12	267
B	274	59	545	295	225	223	546	463	422	239	363	603	250	121	503	307	167	30	448
A	453	75	33	364	549	366	527	297	278
A	287	63	336	184	51	590	24	426	472	553	542	155	332	94	591	610	491	146	435
A	574	49	154	87	424	280	259	216	100	262	401	2	538	203	469	204	103	196	289
A	360	339	150	10	261	66	108	14	383	374	6	156	19	311
B	371	238	145	122	294	101	483	104	247	68	95	584	178	317	430	313
B	318	315	22	551	301	436	310	385	143	570	148	235	37	387	57	404
A	370	198	255	273	208	490	201	550	140	544	258	147	190	128	211	316	434
B	531	56	0	290	586	4	125	158	519	240	345	432	286	28	478	522	557	227	79	388
B	601	611	61	353	398	291	127	292	471	23	556	540	433	445	54	16	393
B	459	78	40	248	134	116	8	304	142	74	541	123	344	495	380	499	403
B	582	567	548	119	47	410	228	464	560	384	587	209	86	418
A	529	358	513	452	442	476	285	249	372	303	76	447	391	67	335	81	475
A	506	20	328	525
B	526	279	319	569
B	579	99	43	236	77	69	340	293	162	44	494	589
