B	0	7	12	17	22	27	32	37	42	47	52	57
B	2	9	14	19	24	29	34	39	44	49	54	59
B	5	10	15	20	25	30	35	40	45	50	55	60
A	62	69	74	79	84	26	23	87	92	97	102	107
A	64	71	76	81	85	21	18	89	94	99	104	109
A	67	72	77	82	86	31	28	90	95	100	105	110
B	130	128	126	124	88	91	123	121	119	117	115	113
B	132	108	111	167	185	239	254	257	260
A	148	146	144	142	140	16	13	125	139	137	135	133
A	151	153	155	157	159	36	33	122	160	162	164	166
A	169	171	173	175	177	41	38	120	178	180	182	184
B	199	197	195	141	80	83	158	176	193	192	190	187
B	201	203	205	143	75	78	156	174	206	208	210	212
A	213	188	61	58	112	226	266	263	262
B	215	218	219	138	93	96	161	179	221	223	225	227
A	240	244	247	200	198	4	3	131	216
B	241	252	249	149	65	66	150	168	228
A	229	231	233	207	191	46	43	118	220	234	236	238
A	242	245	248	202	196	6	1	129	214	270
B	243	253	250	147	63	68	152	170	230	282
B	246	275	281	145	70	73	154	172	232	284	286
A	251	277	276	204	194	11	8	127	217	268	279
A	283	285	209	189	51	48	116	222	272	280	256
A	287	211	186	56	53	114	224	267	264	259
B	278	134	103	106	165	183	237	255	258	261
B	269	271	136	98	101	163	181	235	273	274	265
