 98.8412760667222301
 108.658475588055083
100.4962205277540903
110.1077341288464737
97.49967280944082404
111.9925551324164985
 94.2656311695603506
116.2236353252442029
106.8134737647204275
125.6952408897645768
143.6711690225785105
125.7759795606979196
129.9622932831504727
163.6409024117876641
145.7389018688892577
158.1029231278618568
148.4549729456940952
135.4439688396496138
 189.851683581241673
177.5058781673714918
 181.710733949231269
181.7756819094888669
148.3902766074407111
230.0631126592463431
225.8313339167399363
226.0285057153311072
230.2048660787675942
177.6267089314660268
281.3261180209158852
281.1294560510644374
288.2130332363861385
282.0717835380785345
236.4623993566379454
299.5660204320865319
292.5579729052443554
316.2651844011506341
290.2958378838461044
308.3030337287119664
258.8639479816831681
235.3572342639994019
250.5200862799273409
248.2878934714683226
 293.449975253736568
186.1175567415625665
171.1106144509273861
 161.389309841526881
118.2918201805256615
128.1368831324529367
79.53050612400902253
78.49665868039937777
94.07216694529333267
93.04499754923941168
93.05009931939282808
94.07656659175535196
78.50115695218205758
79.53458158337666362
117.7729321378679828
117.7677877433641527
118.8489169192323516
117.4590651582595768
 95.4640081925513897
156.3703846748140052
155.3174378818906973
149.3803672491077634
147.2997241980632452
119.6588997137469477
186.2106667677112171
192.2502779088746649
 184.899683147424355
180.5937875342823702
 151.986012445161748
192.9222263420409718
200.3956035081104972
239.9062921837512761
 200.546473041505692
161.3727469023494052
75.73250253245427643
83.70583696892379066
65.57026146572852099
73.52105450444355483
82.71271817993701347
 92.6031520501540939
99.61928729946218652
103.4641136399520462
103.4146507249698601
83.75437586432299497
136.2123887924709322
132.3676437856458676
132.1998605318215994
136.1057721014586832
99.50792174159066406
186.6619955375394682
 186.829288715116121
173.5110951331471654
186.0000981551210941
123.6527969145174666
245.7771236475990122
 259.148520567383116
235.4735538692909813
250.4127900777181424
171.2153550582902142
292.7642236688448065
316.6379613801760229
290.1821920747572676
293.3102524239166655
248.2023830766178776
281.9041379025235301
308.6214144851938386
305.6576037878930379
  235.28602258960413
238.5870125951092859
97.94865696040004366
123.6123258455066605
173.4805414232114913
245.6277277313790535
 299.415734324310904
288.0523807261287743
236.3266882195894993
190.9729830971381546
 197.320974962690542
157.1681431934605655
124.4388182864820749
 120.431919503061394
144.1603469051337072
140.0287120631869584
112.4722134798406614
108.5331674039685481
110.1112621493112869
 96.7295382815587601
 117.058342002251095
123.0986957784019751
135.4286565901383597
117.0744795112641299
158.0835587356909855
125.7156601188309821
 189.859090722103673
145.8334222942467306
235.3219073562613346
191.0807720359659925
 305.581552074208787
238.3832584429107442
197.3888017615799697
157.2400414971490648
163.6733665128200528
125.7712537125561312
 143.685242582356409
111.9362397473049242
129.9801444592267785
110.1291505592654829
123.1178230318846403
129.3312671786301848
129.3504651935750189
111.3177258234118341
143.9102101192893315
131.7348885729541621
167.0886821156579742
177.5532908826222922
200.5637199027566169
161.3790582149598265
200.4046431485705853
 239.927373337739283
180.5861460581770359
184.9128735862956887
147.2904380260012829
151.9965625596229586
192.9397412389861586
192.2552387037304413
 165.646943841105184
204.7459996521972698
 134.091010431636164
163.2668277255054079
111.3300013678683626
134.0787907679669502
96.73831847598167144
143.8946355102518737
94.27577556910583212
112.4888314363643644
97.50001769593293943
108.6117805914930159
106.8218012703450484
116.2913153431030935
149.3386805324178681
117.4604989979022065
119.6275567821504069
186.1604190628369224
155.3314464477352317
192.9507782819347028
197.9073616524564727
163.2157273896250729
193.0023282884224898
131.6948576182429065
165.6235339517271257
108.4946414700216053
167.0718378322067394
100.4687323036312705
120.4378117065636928
98.81478004080993571
110.0606304768145094
118.8736588638724072
95.48313083676715962
156.4040438235213912
197.9409959435310782
204.7813865721099091
 177.582864325756816
 144.189914664688132
124.4600216155335346
140.0432750316461181
161.4370516264690423
128.1992441346838518
118.2979489255130829
97.97686520735193483
92.59752039143286595
82.61759224695792625
75.74388721155901294
73.56137273718069025
65.57383693624713317