-0.000432365
 2.95606e+06
 6.47886e-05
-0.000632524
 4.31237e+06
-0.000129248
 0.000158776
 8.03243e-05
-0.000139776
 -0.00031207
-5.50353e-05
  0.00011169
  0.00016012
   6.544e-05
-7.44989e-05
-0.000122827
-0.000880871
-0.000446744
-0.000825633
 -0.00137903
 -0.00143273
  -0.0014453
 -0.00155378
-0.000790428
-0.000101274
  0.00161681
  0.00445109
  0.00475478
  0.00196055
  0.00225064
-0.000295675
 0.000523546
 0.000717485
-0.000805169
 -0.00147462
-0.000388398
-0.000765685
-2.55908e-05
 2.08069e-05
-4.62914e-05
 2.18978e-05
-6.57882e-05
  5.2481e-05
-3.62918e-06
 5.34469e-05
-3.35138e-06
 3.57039e-05
-7.80417e-06
 1.98106e-05
-3.16312e-05
-6.50634e-05
 0.000111769
  4.8042e-05
 0.000227897
 -0.00114347
-0.000972309
 6.67962e+06
-0.000861468
-0.000504041
-0.000578648
 0.000170563
-0.000324085
 0.000293521
-0.000283719
 0.000306106
-0.000145199
 0.000424813
-0.000144703
 0.000190759
  0.00015543
 0.000148001
 0.000224059
 0.000180845
 0.000122912
 9.57679e-06
 1.35728e-05
-6.28892e-05
-4.35346e-05
 4.07634e-05
 3.52765e+06
-6.52765e-05
-5.88003e-05
-3.68206e-05
 -5.2154e-06
 2.80561e-07
-7.69796e-06
 -9.1698e-06
-6.81108e-05
-0.000147646
-0.000120223
-0.000206177
-0.000203765
-5.10838e-05
 -4.5275e-05
-0.000110734
-1.68863e-05
 5.41966e-05
-0.000209911
 5.68124e-05
-0.000164653
  1.8851e+07
 -1.1832e-05
-0.000144114
-2.53765e-05
 -1.5663e-05
-0.000268681
 8.87307e-05
 6.11395e-05
-0.000127108
 5.60528e-06
  6.5766e-05
 8.86263e-05
 1.31209e-05
  1.9813e-05
-0.000251216
-3.85435e-05
 8.68335e+06
-0.000152583
 9.41556e-05
-3.69223e-05
-4.87891e-05
 6.31159e+06
-0.000126533
 0.000141334
 0.000144082
 6.05966e-05
-0.000135107
 -0.00060668
-3.45906e-05
-0.000479711
 6.04426e+06
-9.54553e-06
-8.99372e-05
-5.00353e-05
-3.07753e-05
-1.07401e-06
 0.000107403
 -0.00030783
-0.000459497
-0.000484191
  0.00015811
 -0.00014999
-0.000634101
-0.000280266
-6.62942e-05
-0.000303675
-0.000272293
-0.000178025
 8.36858e+06
-0.000775122
-0.000445153
 7.47363e-05
 8.56327e+06
 0.000254553
 0.000183099
-6.97244e-05
 0.000154234
  1.8863e-05
-0.000144655
-1.36943e-05
 -0.00030266
-0.000697867
 7.18249e-05
-0.000158195
-0.000140642
 -0.00020237
 -0.00022627
-0.000931603
-0.000191699
 0.000185956
 2.12289e-05
 4.45988e-05
-0.000126504
-5.60015e-06
 1.10805e+07
 9.79958e-05
-0.000222263
 4.67153e-05
-9.40368e-05
-0.000129289
 1.58809e-05
-0.000103134
-4.20739e-05
 0.000164215
-1.58209e-05
 3.92208e-05
 0.000118484
-6.64173e-05
-5.55234e-05
 6.93805e-05
 6.14895e+06
-7.00452e-05
-7.85808e-05
 1.36424e-05
 0.000132465
 0.000128726
 0.000203556
 0.000252729
 4.23902e-05
 3.50675e-05
 4.85208e-05
 0.000134597
-0.000109297
-5.54184e-05
 6.56428e-05
 6.06442e-05
 0.000187875
  0.00014134
 0.000214196
 2.45264e-06
 -7.4313e-05
 0.000105937
 9.49711e+06
 7.97384e-05
-1.06362e-05
 4.02576e-05
 6.49369e-05
-4.92978e-05
 0.000116115
 4.41457e-05
 -1.7588e-05
 8.13697e-06
-4.25633e-05
-0.000117905
 3.05494e-05
 -0.00011826
-0.000230785
 8.02744e+06
-9.58228e-05
-8.19732e-05
-7.42865e-05
 3.01644e-06
-0.000273014
-0.000122493
-0.000208855
-3.44805e-05
-7.56822e-05