2.903147788750617764e+01
9.061547317305718252e+01
1.130619291840006468e+02
6.020170739181063624e+01
5.640361792255573903e+01
2.390835923927083329e+01
4.057502305628770500e+01
1.075479428028155269e+02
1.198006885196143685e+02
9.268082856746262621e+01
1.149363275399972650e+02
2.773627969507527169e+01
2.453044914454903846e+01
2.849190863158089826e+01
7.740064980149448104e+01
1.130421020074122396e+02
4.205333484758705964e+01
4.498890336296319248e+01
4.500440270239941043e+01
2.925900940076503076e+01
3.143178069166075872e+01
1.134034692152368677e+02
3.372312581138611876e+01
1.218423277724361213e+02
8.920295795161382557e+01
7.764815594883125982e+01
2.159383642168332784e+01
2.636435520165637314e+01
7.475549235516938040e+01
1.049003763861299632e+02
2.539780875054348996e+01
3.007846733892226254e+01
6.882653039216231150e+01
3.577822827152426299e+01
3.605233123872894652e+01
2.907592925137930706e+01
2.833282981871540329e+01
8.450684108196750799e+01
2.773635707429405173e+01
4.166772719171556361e+01
5.262307793534500888e+01
1.252126683720459397e+02
4.113909574595452057e+01
3.524892198410874755e+01
1.149711218092039218e+02
5.337782476739283055e+01
9.345673225988912236e+01
5.006100029301367726e+01
4.600918340887123748e+01
2.539756088696347547e+01
5.842505812686930255e+01
5.430050726402986072e+01
3.604326359087385612e+01
1.246145421865957843e+02
5.260692137847297545e+01
2.847271660017930373e+01
2.382097943769846893e+01
5.203003338003251343e+01
7.580315447233479631e+01
2.786109247322960059e+01
4.405973892989632645e+01
3.278346775225319476e+01
4.111323627542008552e+01
2.784242845283831613e+01
4.993009242005492609e+01
8.898527750085406751e+01
1.116359790447775140e+02
6.989964473168974735e+01
7.767486397804044884e+01
6.063341834316008772e+01
6.041477519132666885e+01
1.149688404536115911e+02
1.096906533686336331e+02
3.607429000988828705e+01
9.329087610182317292e+01
3.072907143605648272e+01
1.198006900148046725e+02
5.036693999509388675e+01
4.207085403026911052e+01
2.380359312077513323e+01
2.757123154204739990e+01
4.207003900165997834e+01
2.847271710727376259e+01
5.204345626157869731e+01
3.575281933523277900e+01
4.255059742276470303e+01
8.306183262456565330e+01
3.704233679131320400e+01
1.145119877166543887e+02
5.988063345964415163e+01
6.037266232941629340e+01
1.116783229236342834e+02
7.510954538180963880e+01
3.605233032139911842e+01
5.842515753603861128e+01
6.043767827991472785e+01
3.372312636758408644e+01
6.015105710519041793e+01
7.516027308353369563e+01
3.006160366517269722e+01
1.161561282736888501e+02
1.174666483554209009e+02
1.235042037447604599e+02
3.369265889558211313e+01
1.134030883661337157e+02
9.070077158486564883e+01
2.389979320138158414e+01
2.222631376227455391e+01
9.185757702103710187e+01
5.339657789135004862e+01
4.993009303740307558e+01
4.954077127935999414e+01
5.337712319386800885e+01
3.139355896176200744e+01
2.907592875934998844e+01
2.300661966975457418e+01
1.092389161843694865e+02
4.320681341272011622e+01
4.988712292682559024e+01
4.057502273204077170e+01
3.604326411972439104e+01
5.842394398929931043e+01
8.452625631783102733e+01
5.996299415289691126e+01
3.433794781124861828e+01
7.476770950755366130e+01
3.986924991651044081e+01
7.760215026925811799e+01
3.899822078964397321e+01
6.067813978521370899e+01
2.327595041859952119e+01
1.096434684100999988e+02
8.766447678136178467e+01
2.942774903428425404e+01
8.609164602980060010e+01
5.988159767760519259e+01
1.150139972284923147e+02
1.112717978529569791e+02
9.276176892918255135e+01
3.432022378786052030e+01
1.147422316781800049e+02
2.119506523793916486e+01
1.147705395394155801e+02
1.133673555038686942e+02
4.988712354548660244e+01
6.884295464952818122e+01
2.540934865959978595e+01
5.994889079697024670e+01
1.174353623067736692e+02
4.166893421400606456e+01
1.048769220442532202e+02
7.609623992881188315e+01
9.268232871454378596e+01
5.992790209154203751e+01
3.079001926090102614e+01
9.324265233333808567e+01
3.456000867741904159e+01
2.685004170583211192e+01
9.179044815045193673e+01
5.927312325103557100e+01
7.510954769034643164e+01
2.945620127486322559e+01
1.096431558902161356e+02
8.932118557636648859e+01
4.113909487474142423e+01
2.389963989299844727e+01
6.066988537084534272e+01
3.079001630068922779e+01
1.133669795501979536e+02
5.430050821510776160e+01
7.727564738768369068e+01
2.905167347848191284e+01
2.926977677452510918e+01
2.380359238735427141e+01
2.292381725415200577e+01
7.726598555746453201e+01
5.927932361102092074e+01
1.049006055706212805e+02
3.986924964896966372e+01
6.702083849735711851e+01
1.156854340768330189e+02
3.139789012302176374e+01
5.639063541953151315e+01
1.145120027443371526e+02
4.320681252650732773e+01
3.985674021648001997e+01
7.359018416898462078e+01
2.540910330580713961e+01
5.744319104730886494e+01
3.593459432302679346e+01
4.883323968239537294e+01
4.255128405022018256e+01
1.112715216392147113e+02
1.252126688100389060e+02
1.155357971435634425e+02
1.017087914107617195e+02
2.786108996663606163e+01
3.457433167147918596e+01
4.205415675359520833e+01
1.016883334514425314e+02
6.702172948813668540e+01
1.197719926104515622e+02
1.070501327335728092e+02
7.234013010041745417e+01
4.322637040447439460e+01
2.161097661126774838e+01
4.253229654588592723e+01
3.577909730390502574e+01
8.607030606273484352e+01
1.048766851818579084e+02
9.179044868029006921e+01
3.278330410003587048e+01
4.147417677559002414e+01
3.178652206859370111e+01
1.198012565422577183e+02
3.614050792226851172e+01
9.324955850660620627e+01
4.144263393335683787e+01
2.833224447544343150e+01
3.179124184529644381e+01
7.580915099595475226e+01
5.036693997153192726e+01
5.744319164657380838e+01
7.234012905453447217e+01
8.892990791718598587e+01
5.431916199141227963e+01
2.784242592550600293e+01
2.901430575795706446e+01
7.740064984343646870e+01
2.945620085286640943e+01
1.017087912611782343e+02
5.532342727954715400e+01
2.835151390017316331e+01
4.122566747970534351e+01
7.665729372924144513e+01
1.070499359146004963e+02
4.111323540843738300e+01
7.476770975435042033e+01
5.204345681426777048e+01
1.246402511867130727e+02
1.252127679385947090e+02
7.726598442453237681e+01
5.008417858318342297e+01
2.390851058513101890e+01
5.043975413327954271e+01
4.154581008477376969e+01
4.158195190515698414e+01
9.276216446371149971e+01
6.989964495004014111e+01
9.329122362612064023e+01
7.665864980178984922e+01
7.580915063057432235e+01
6.066988540357595383e+01
1.235042041413013152e+02
8.932118486975690530e+01
5.260609548654455381e+01
2.685004173875162081e+01
6.015206320544731255e+01
7.760250954784298472e+01
7.665872653814480486e+01
2.117772009000409028e+01
1.174679445810860301e+02
1.246403698709438856e+02
9.324265430039601199e+01
5.008418003011006192e+01
2.587881309926636675e+01
3.178652178473993573e+01
2.221075512036435740e+01
2.986327742186061585e+01
1.218183980953427010e+02
9.074786493931061671e+01
2.117772072499826308e+01
2.454554980591693436e+01
6.988013373122713290e+01
2.294150791279332680e+01
3.142482279604629269e+01
8.937289915906717397e+01
4.059442171115195208e+01
1.075479430830329619e+02
3.597138211378614159e+01
5.842384457458589253e+01
3.139356292391816083e+01
8.766420208332235120e+01
2.588072692774276007e+01
5.745091781961112076e+01
7.762039313303985466e+01
9.178167514524419346e+01
2.292381690520761950e+01
1.198382798648084560e+02
2.294150826065675020e+01
3.514404260052937445e+01
5.994889221267137458e+01
9.326650800587388801e+01
9.070077500392976333e+01
1.070759908671148537e+02
4.322636952102185859e+01
9.060097902593487618e+01
8.937289845362359131e+01
7.609623425129574059e+01
8.892990833114676263e+01
3.007785302652274240e+01
4.954077012779906397e+01
1.144979900609272221e+02
1.218736370485337659e+02
1.218736360993323160e+02
1.252198715025650273e+02
3.367436771875168944e+01
3.704233834706116113e+01
3.526952764768427784e+01
2.901430499401251595e+01
7.764815608229858412e+01
2.684243712014042416e+01
3.804415785691359986e+01
2.588052415226992764e+01
7.767486409858432239e+01
2.834208717399998179e+01
2.735971724539928118e+01
3.373090038531201884e+01
2.587901589032838601e+01
3.143178095091836255e+01
3.704930931521946746e+01
4.797697508843049974e+01
8.898527708763016619e+01
1.161455458456106129e+02
5.039679571138503889e+01
4.404137054416610653e+01
1.149686214754076730e+02
1.174668729110752281e+02
3.597138744246863951e+01
3.610590902022671855e+01
3.072907227956921972e+01
2.635744801925016745e+01
7.665721698739132250e+01
7.614317326674982667e+01
1.124434908161684064e+02
5.262389696657893978e+01
3.367436690018844558e+01
7.357308890148800629e+01
1.175093163114853212e+02
8.306183232523430604e+01
7.687378926521095934e+01
2.758833549588764811e+01
6.884295468481290925e+01
3.139789038059634407e+01
4.884169831566466513e+01
1.252111766307321687e+02
1.112479241040638982e+02
3.080000987182079086e+01
9.189838761607340700e+01
6.037351661430685823e+01
5.047619781158744701e+01
2.835093321942585831e+01
5.031712692396412479e+01
3.899822327942826661e+01
3.606422837036559059e+01
4.599808151075250606e+01
3.070656032186445472e+01
7.691524575728779212e+01
2.735807781814364148e+01
1.246244089937424491e+02
6.700842285203681570e+01
4.141664740572853987e+01
1.246145255755258177e+02
1.161562524197449306e+02
4.147502812526802529e+01
4.599808172637882819e+01
6.041563539184818410e+01
6.041560869981848469e+01
3.373089982708752643e+01
1.218183962998204777e+02
3.300181537488742833e+01
4.122461860914471998e+01
1.147705419413363046e+02
1.070758007545043142e+02
5.006100172863312281e+01
3.610590893818820035e+01
5.927932131834177198e+01
9.061569053420708997e+01
7.727564852389890859e+01
3.322587227274320298e+01
3.278461380250504220e+01
1.252198719383309111e+02
8.768565487166992511e+01
6.064847392617706845e+01
1.174682153467578729e+02
9.272856093693680180e+01
2.757123198058051727e+01
6.882653042747276118e+01
2.159383713825097573e+01
9.272895157932040888e+01
1.157050708153096537e+02
8.609164672911045102e+01
2.325768050477501347e+01
3.300181498156504745e+01
5.203003393330862991e+01
6.043767792811972583e+01
2.957950497481793306e+01
7.580315410898244011e+01
4.883323808698786905e+01
5.640361886018744286e+01
9.060075860637769551e+01
1.234803076416567365e+02
3.118647723137456396e+01
2.487953395417397218e+01
4.121223004508402710e+01
1.234800588483733605e+02
3.804534479683695025e+01
1.174351372666307327e+02
8.307731782855931613e+01
3.512849710026766559e+01
6.064847389476804551e+01
5.534012311543616391e+01
5.039679572977390620e+01
7.108764900856931490e+01
4.145605185297755924e+01
9.189838416453834213e+01
1.116786099705275745e+02
4.701822912691434198e+01
6.700932215066724496e+01
3.614050783807014255e+01
5.992693107010496334e+01
2.926977663122483264e+01
1.234803067678272583e+02
1.160971417440743210e+02
4.701280006046935256e+01
4.253160395013381390e+01
1.130421007825492552e+02
9.074786149640164012e+01
1.252111254485974001e+02
7.357330062258964176e+01
2.834663918762641543e+01
2.942774945217344751e+01
1.155357970375310970e+02
8.607030676342871800e+01
2.488336220759502737e+01
2.300638538723782389e+01
6.041560835170693622e+01
7.743523826762904605e+01
3.142482677675443625e+01
1.175090388517679116e+02
3.524892190355500077e+01
3.006099184336934016e+01
4.884169671713724625e+01
5.745091722306697335e+01
1.156854339654014012e+02
6.988013351310779342e+01
3.457433305327773354e+01
1.092389164057170063e+02
2.299368404885317929e+01
9.345673269449923737e+01
3.115907541867268549e+01
7.108764950341587507e+01
3.900379466638268156e+01
2.849190812125423022e+01
3.115907505382719478e+01
2.905167299067664999e+01
3.179124213215415296e+01
4.144348063717946928e+01
3.070656115279144771e+01
3.301636499808070369e+01
7.687378646080495059e+01
2.772281848445678065e+01
1.246246340502133734e+02
1.130619279696439463e+02
9.185758045530459981e+01
1.246246193841254666e+02
4.404136876325181049e+01
9.178167461254106740e+01
1.124124961931831308e+02
5.431916293947637797e+01
2.221075358239866659e+01
1.147422340865192467e+02
1.234626240155940309e+02
4.121117331913235660e+01
3.593459962725338386e+01
3.301636460511274151e+01
5.996299556762191685e+01
3.433854834572250780e+01
5.639063636470033458e+01
1.144980070284426432e+02
6.067813974865782001e+01
5.927312554500876729e+01
1.218423995654487015e+02
1.198383296075806328e+02
1.160970880857062326e+02
3.322587250909927548e+01
3.606422928057227040e+01
4.797807045764709954e+01
4.797685860398183877e+01
3.607428947701268385e+01
1.092129845337700544e+02
3.080000691775925148e+01
5.027710173026101614e+01
2.834208660668169344e+01
1.124124973253765631e+02
3.900379217729804537e+01
9.268226233925072677e+01
5.534012161064698176e+01
7.516027078002538531e+01
2.735827144000845834e+01
1.157050709356987994e+02
1.149708228469258842e+02
1.074974845886347765e+02
4.701279902647671349e+01
4.405973715061598028e+01
2.454554925928840348e+01
2.961105071322133853e+01
7.106701595252413028e+01
4.145605605895166690e+01
1.234800584405556663e+02
3.324309214974362447e+01
2.957950064433078907e+01
2.327595033357224708e+01
3.278477744270443139e+01
3.804519988350642734e+01
3.514404403666150500e+01
9.344094905009575314e+01
2.222631529040436504e+01
6.020069309281176118e+01
1.155425051211138907e+02
3.575195493600188001e+01
2.325768059097750395e+01
4.498890395469898351e+01
2.636435482215178538e+01
9.344094948547149215e+01
4.170950240109649343e+01
4.171071712541861132e+01
7.614317896513357198e+01
4.158194715419366361e+01
2.487953382712872852e+01
5.027807815073428088e+01
2.161097589745176251e+01
1.155425050128404649e+02
4.600918362419577790e+01
1.252128191161517350e+02
9.268089494739079726e+01
2.984906057851017991e+01
2.382098016813838015e+01
8.922188490982071585e+01
7.106701545862593150e+01
1.092129847349314957e+02
7.762075545361906848e+01
1.161456680484346151e+02
2.984906114050629711e+01
9.326616350782326492e+01
3.369265807960406534e+01
8.922188386432378593e+01
3.804430277704568653e+01
3.456000730305308366e+01
5.047532585995031695e+01
1.218423268184064625e+02
3.985674048469277153e+01
1.124434919470172787e+02
1.246242922476918267e+02
3.324309191322856805e+01
4.797818693463874951e+01
1.197719941098117857e+02
3.512849854621165946e+01
1.218424013562248120e+02
3.432082903327453494e+01
1.116356986583344337e+02
2.758833505843808354e+01
7.358997548839009539e+01
1.160987260776799843e+02
5.044062020626069653e+01
3.118647686217901338e+01
8.920295900080719775e+01
2.925900954477403104e+01
1.160987797312340746e+02
2.961104636297102743e+01
1.198012129652460942e+02
8.768538508019422295e+01
4.059442138338432926e+01
7.743523823084494495e+01
2.299392079820315615e+01
1.074974843078364160e+02
8.452625639804867319e+01
8.307731812769775104e+01
8.450684100170920487e+01
2.772274165542477675e+01
4.955668656222276525e+01
2.635744763902470211e+01
2.684243708890732094e+01
7.475549210809448653e+01
4.955668772177276793e+01
4.141665158643933609e+01
4.500440211338185748e+01
1.149365541894731138e+02
1.150143038536276521e+02
1.016883333016961473e+02
7.232038106528403887e+01
4.701822809182586127e+01
2.903147864825304580e+01
5.532342576355713248e+01
2.119506460527057357e+01
2.834663975281362980e+01
1.112476429735231420e+02
5.031811009595975293e+01
4.154580535155838561e+01
1.234626248980788290e+02
7.691524293335939433e+01
2.488336208225619828e+01
7.232038211445207310e+01
9.324955654163885299e+01
5.339588228181753493e+01
6.063341830537454769e+01
2.453044859542877987e+01
1.096909735372473165e+02
3.526952771597331804e+01
2.986327798119174659e+01
3.704931086660491957e+01
2.735952363722281788e+01
