 5.19362e-13
-8.04816e-13
-1.19613e-13
 5.96356e-13
-4.98321e-11
-2.58782e-11
-5.30818e-11
   4.958e-11
 5.61791e-11
 4.08623e-11
-3.84745e-11
 8.27669e-11
-3.20559e-11
  5.4315e-12
 -2.6396e-11
 -9.6736e-12
 7.40863e-12
 1.75593e-12
 1.47189e-11
 1.95066e-12
 -3.8311e-12
 5.83977e-12
 8.49654e-13
     20.0306
-1.71829e-12
 1.59384e-12
-1.91758e-12
-1.45217e-13
-2.01429e-12
 2.86212e-14
 1.72395e-12
-2.07601e-12
 3.63598e-14
 2.27263e-13
 2.11117e-12
-3.03757e-13
     19.9903
-1.31488e-11
-2.80942e-12
-7.85461e-12
 5.00355e-12
-3.79885e-12
-4.93605e-12
 1.50751e-11
 7.79543e-12
 1.58469e-11
-2.66406e-11
-3.10143e-11
-1.02401e-10
 2.61673e-11
-7.63356e-11
 4.56737e-11
-3.76819e-11
 -8.2292e-12
-1.63083e-11
 1.30053e-11
-4.52331e-11
-2.91283e-11
 4.75353e-12
     6.14095
-2.16955e-11
-2.41643e-11
 1.17454e-11
 1.54623e-10
-3.43894e-11
 5.07108e-12
 2.24539e-11
 5.01004e-11
-7.73523e-11
 3.17977e-11
 2.75191e-11
-2.68472e-11
 7.10032e-12
 7.89549e-12
-2.21284e-12
     9.30825
 3.06358e-11
-1.29785e-11
 4.72687e-12
 3.75799e-12
  4.5608e-12
 8.17602e-12
-6.13376e-12
-1.12022e-13
-2.96818e-12
 1.13953e-12
 2.13415e-12
 3.29153e-12
     9.10199
-4.06944e-12
-5.01865e-12
 1.00919e-12
-8.40736e-12
 1.67977e-12
 4.47109e-12
-2.53103e-13
 2.57006e-12
-3.70637e-12
-3.44658e-12
-2.45253e-11
 7.80331e-12
-1.81322e-12
-1.67657e-11
-2.81219e-11
 1.74437e-12
 -2.5143e-11
     6.13511
-7.74564e-12
     9.30359
-2.86771e-13
  1.4756e-12
 1.46103e-13
-2.03687e-11
   2.633e-11
 5.90195e-13
-8.30291e-12
-4.41602e-12
 3.45257e-12
 -2.4678e-11
     11.0557
-4.44852e-11
 5.98299e-11
   6.668e-12
-1.70886e-12
-7.14984e-13
-9.30644e-13
 1.80911e-13
 8.85314e-12
 8.65752e-13
 5.59375e-12
 2.21014e-11
   2.915e-12
 4.10894e-13
-2.09069e-13
-5.39297e-11
-1.60033e-12
 2.61624e-12
-6.02168e-12
 1.21125e-12
 1.18561e-12
      20.031
-2.52656e-11
  3.0187e-13
 3.64193e-13
-1.05045e-11
-1.41165e-11
 1.00808e-12
-3.65503e-11
    -2.4e-11
 5.30481e-13
-2.16849e-12
 5.10836e-12
     19.9906
-7.45848e-12
-7.66587e-12
-2.59638e-12
-1.72751e-12
 2.10534e-11
 1.36254e-11
 1.04114e-11
     11.0542
 4.47076e-11
 8.92462e-12
 2.85472e-12
 2.60003e-12
 6.12621e-13
 1.30203e-11
 8.90682e-11
  6.8678e-11
-2.53642e-12
 -1.1996e-12
-1.23823e-12
-3.13305e-13
 -3.6629e-13
-1.31456e-12
-1.77774e-12
 2.26354e-11
 3.53042e-11
 1.03591e-11
 6.46298e-11
-3.97124e-11
-7.94154e-12
-9.22158e-12
-9.53648e-12
 1.30735e-11
 2.10909e-12
-1.54976e-12
  4.0784e-13
     2.97081
 1.16562e-12
 1.24567e-13
-8.91842e-13
-2.39334e-13
-1.00425e-12
 1.97647e-13
-5.36016e-13
 -3.0292e-13
  2.3892e-13
 1.95527e-12
 1.54909e-12
-1.39152e-11
      2.9212
-9.54459e-13
-2.14251e-12
-1.05449e-12
 1.88023e-11
-1.59917e-12
-1.99108e-11
 2.46081e-12
-1.31417e-11
 9.03277e-13
 1.94254e-11
-4.13314e-11
-2.69267e-11
-1.14471e-11
-4.02867e-12
-4.22856e-12
-1.13796e-12
  7.3231e-11
-5.13234e-11
 6.73857e-11
-1.80158e-11
     11.0537
 3.12594e-12
 3.27294e-13
 8.22897e-13
 4.07119e-13
    1.25e-12
 2.31382e-12
 1.71241e-12
 3.28132e-12
 5.41212e-11
     11.0552
-1.56997e-12
 1.85962e-12
 -2.9079e-12
-2.36289e-12
     9.10204
-4.02313e-11
 1.81113e-11
 7.39156e-12
-7.78044e-12
-1.46638e-11
-3.26443e-11
-8.01968e-11
-3.52385e-12
-3.66062e-11
 1.37832e-11
-4.29123e-12
-2.82219e-12
-3.52363e-12
 4.75286e-13
-1.07653e-12
-2.25375e-12
 1.21024e-12
-1.43274e-12
 1.10867e-12
 6.08458e-13
  2.8173e-12
-2.52909e-12
 9.84812e-12
 1.01599e-11
-9.49296e-12
-1.10382e-11
 4.17977e-11
-2.31655e-11
 4.46734e-11
-3.29895e-11
-2.66465e-11
 3.81261e-12
 1.60217e-11
-1.07658e-12
 2.93837e-12
-1.40927e-11
     6.14059
-9.00803e-12
-6.97731e-11
 4.61755e-11
-3.95818e-11
 -1.6497e-11
     9.30828
-2.02398e-11
-5.05214e-11
 1.66328e-12
 1.11458e-11
-3.23306e-11
-4.15601e-12
 1.34825e-12
-4.50609e-12
-1.68954e-12
 1.96287e-13
 5.52336e-13
 2.19313e-12
  1.9717e-12
 6.62914e-13
-4.55382e-12
-6.78124e-13
 1.24379e-12
-1.18394e-12
-7.23877e-12
 2.79776e-13
 2.19973e-11
 2.88038e-11
-9.50839e-12
-1.39622e-11
 3.55987e-11
 3.31093e-11
 6.94622e-11
     9.30363
-1.29017e-11
-3.06273e-12
     6.13473
 2.33608e-11
-3.68994e-12
 1.18725e-11
-6.36851e-11
 3.06544e-11
  8.6261e-12
  2.4053e-12
  1.4444e-13
 -1.8856e-12
 1.64047e-11
  8.1513e-11
 1.42097e-11
-1.68295e-13
  1.1668e-13
-5.54168e-12
-8.58678e-13
-5.52763e-12