15.54996200687903
15.56053252264554
15.56053252264554
15.56053252264554
15.56053252264554
15.56053252264554
15.56053252264554
15.56053252264554
15.56053252264554
15.39005800272426
20.96446132096137
21.60048430654441
21.60048430654441
21.60048430654441
21.60048430654441
21.60048430654441
21.60048430654441
21.60048430654441
21.60048430654441
14.5557130507544
13.75367049711269
13.75372368157769
13.75372368157769
13.75372368157769
13.75372368157769
13.75372368157769
13.75372368157769
13.75372368157769
13.75372368157769
13.75367049711269
15.32501429477353
23.3010899060587
23.3010899060587
23.3010899060587
23.3010899060587
23.3010899060587
23.3010899060587
23.3010899060587
23.3010899060587
22.81886329445411
22.81886329445411
23.31710378866706
23.31710378866706
23.31710378866706
23.31710378866706
23.31710378866706
23.31710378866706
23.31710378866706
23.31710378866706
23.28238745081728
17.93551350437966
17.96402194458322
17.96402194458322
17.96402194458322
17.96402194458322
17.96402194458322
17.96402194458322
17.96402194458322
17.96402194458322
17.48062151277166
20.96446132096137
20.97424431486728
20.97424431486728
20.97424431486728
20.97424431486728
20.97424431486728
20.97424431486728
20.97424431486728
20.97424431486728
20.96446132096137
15.39005800272426
15.39198074517722
15.39198074517722
15.39198074517722
15.39198074517722
15.39198074517722
15.39198074517722
15.39198074517722
15.39198074517722
15.39005800272426
18.94718245717732
20.20626130523962
20.20626130523962
20.20626130523962
20.20626130523962
20.20626130523962
20.20626130523962
20.20626130523962
20.20626130523962
13.95053950445796
13.85621007533261
13.86314325961698
13.86314325961698
13.86314325961698
13.86314325961698
13.86314325961698
13.86314325961698
13.86314325961698
13.86314325961698
13.75367049711269
17.48062151277166
17.48197320250492
17.48197320250492
17.48197320250492
17.48197320250492
17.48197320250492
17.48197320250492
17.48197320250492
17.48197320250492
17.48062151277166
18.94718245717732
18.95485286453086
18.95485286453086
18.95485286453086
18.95485286453086
18.95485286453086
18.95485286453086
18.95485286453086
18.95485286453086
18.94718245717732
15.39005800272426
16.5281582114638
16.5281582114638
16.5281582114638
16.5281582114638
16.5281582114638
16.5281582114638
16.5281582114638
16.5281582114638
12.93949114836019
17.14333814323151
19.03723231865354
19.03723231865354
19.03723231865354
19.03723231865354
19.03723231865354
19.03723231865354
19.03723231865354
19.03723231865354
13.53970595600869
12.17261014426306
15.19008412551663
15.19008412551663
15.19008412551663
15.19008412551663
15.19008412551663
15.19008412551663
15.19008412551663
15.19008412551663
13.85621007533261
17.48062151277166
18.42942219554696
18.42942219554696
18.42942219554696
18.42942219554696
18.42942219554696
18.42942219554696
18.42942219554696
18.42942219554696
14.12047274755328
17.14333814323151
17.14992035922937
17.14992035922937
17.14992035922937
17.14992035922937
17.14992035922937
17.14992035922937
17.14992035922937
17.14992035922937
17.14333814323151
12.93949114836019
12.94414724777136
12.94414724777136
12.94414724777136
12.94414724777136
12.94414724777136
12.94414724777136
12.94414724777136
12.94414724777136
12.93949114836019
16.00928418998653
18.3732098301771
18.3732098301771
18.3732098301771
18.3732098301771
18.3732098301771
18.3732098301771
18.3732098301771
18.3732098301771
13.39945947255822
12.17261014426306
12.17354831987218
12.17354831987218
12.17354831987218
12.17354831987218
12.17354831987218
12.17354831987218
12.17354831987218
12.17354831987218
12.17261014426306
14.12047274755328
14.12151313095206
14.12151313095206
14.12151313095206
14.12151313095206
14.12151313095206
14.12151313095206
14.12151313095206
14.12151313095206
14.12047274755328
16.00928418998653
16.01744079086681
16.01744079086681
16.01744079086681
16.01744079086681
16.01744079086681
16.01744079086681
16.01744079086681
16.01744079086681
16.00928418998653
12.93949114836019
14.31583533282758
14.31583533282758
14.31583533282758
14.31583533282758
14.31583533282758
14.31583533282758
14.31583533282758
14.31583533282758
14.22992516372688
15.18859360312666
17.99414936771499
17.99414936771499
17.99414936771499
17.99414936771499
17.99414936771499
17.99414936771499
17.99414936771499
17.99414936771499
13.54610628982191
13.77693486118354
13.87343731618344
13.87343731618344
13.87343731618344
13.87343731618344
13.87343731618344
13.87343731618344
13.87343731618344
13.87343731618344
12.17261014426306
14.12047274755328
15.16569723069984
15.16569723069984
15.16569723069984
15.16569723069984
15.16569723069984
15.16569723069984
15.16569723069984
15.16569723069984
15.10038425022594
15.10295551370292
15.19263851720049
15.19263851720049
15.19263851720049
15.19263851720049
15.19263851720049
15.19263851720049
15.19263851720049
15.19263851720049
15.18859360312666
14.22992516372688
15.00371593669032
15.00371593669032
15.00371593669032
15.00371593669032
15.00371593669032
15.00371593669032
15.00371593669032
15.00371593669032
14.95212493557686
14.94723340948946
18.1419844059353
18.1419844059353
18.1419844059353
18.1419844059353
18.1419844059353
18.1419844059353
18.1419844059353
18.1419844059353
14.09722359684808
15.07542836871986
15.1595443083717
15.1595443083717
15.1595443083717
15.1595443083717
15.1595443083717
15.1595443083717
15.1595443083717
15.1595443083717
13.77693486118354
15.10038425022594
15.19793687240416
15.19793687240416
15.19793687240416
15.19793687240416
15.19793687240416
15.19793687240416
15.19793687240416
15.19793687240416
15.19342880759202
14.23196840922948
14.99839114381538
14.99839114381538
14.99839114381538
14.99839114381538
14.99839114381538
14.99839114381538
14.99839114381538
14.99839114381538
14.94723340948946
14.95212493557686
18.14154873244409
18.14154873244409
18.14154873244409
18.14154873244409
18.14154873244409
18.14154873244409
18.14154873244409
18.14154873244409
14.09848201184105
15.07043060831803
19.25702746084325
19.25702746084325
19.25702746084325
19.25702746084325
19.25702746084325
19.25702746084325
19.25702746084325
19.25702746084325
15.64908516695979
15.65079788399206
19.25667898694247
19.25667898694247
19.25667898694247
19.25667898694247
19.25667898694247
19.25667898694247
19.25667898694247
19.25667898694247
15.07542836871986
15.19342880759202
17.99365702655662
17.99365702655662
17.99365702655662
17.99365702655662
17.99365702655662
17.99365702655662
17.99365702655662
17.99365702655662
13.54732303759028
13.77894997934712
15.15410364365781
15.15410364365781
15.15410364365781
15.15410364365781
15.15410364365781
15.15410364365781
15.15410364365781
15.15410364365781
15.07043060831803
14.09848201184105
14.10528000907867
14.10528000907867
14.10528000907867
14.10528000907867
14.10528000907867
14.10528000907867
14.10528000907867
14.10528000907867
14.09848201184105
15.55378190185062
20.83894788507585
20.83894788507585
20.83894788507585
20.83894788507585
20.83894788507585
20.83894788507585
20.83894788507585
20.83894788507585
17.65374309772614
15.65079788399206
15.65801768835445
15.65801768835445
15.65801768835445
15.65801768835445
15.65801768835445
15.65801768835445
15.65801768835445
15.65801768835445
15.65079788399206
13.54732303759028
13.54777958881106
13.54777958881106
13.54777958881106
13.54777958881106
13.54777958881106
13.54777958881106
13.54777958881106
13.54777958881106
13.54732303759028
13.81651348178891
15.67264003221592
15.67264003221592
15.67264003221592
15.67264003221592
15.67264003221592
15.67264003221592
15.67264003221592
15.67264003221592
15.55378190185062
14.09848201184105
14.72008678540705
14.72008678540705
14.72008678540705
14.72008678540705
14.72008678540705
14.72008678540705
14.72008678540705
14.72008678540705
13.51678602131204
16.39763079057313
22.96450749883594
22.96450749883594
22.96450749883594
22.96450749883594
22.96450749883594
22.96450749883594
22.96450749883594
22.96450749883594
20.20101700028873
15.81432328133551
16.8355090219719
16.8355090219719
16.8355090219719
16.8355090219719
16.8355090219719
16.8355090219719
16.8355090219719
16.8355090219719
15.65079788399206
13.54732303759028
13.7786594347365
13.7786594347365
13.7786594347365
13.7786594347365
13.7786594347365
13.7786594347365
13.7786594347365
13.7786594347365
12.38770126861386
14.11850137473588
16.55168196352057
16.55168196352057
16.55168196352057
16.55168196352057
16.55168196352057
16.55168196352057
16.55168196352057
16.55168196352057
16.39763079057313
13.51678602131204
13.52049948909765
13.52049948909765
13.52049948909765
13.52049948909765
13.52049948909765
13.52049948909765
13.52049948909765
13.52049948909765
13.51678602131204
17.43155121410469
25.30223749970382
25.30223749970382
25.30223749970382
25.30223749970382
25.30223749970382
25.30223749970382
25.30223749970382
25.30223749970382
22.72924250161495
15.81432328133551
15.8214236032621
15.8214236032621
15.8214236032621
15.8214236032621
15.8214236032621
15.8214236032621
15.8214236032621
15.8214236032621
15.81432328133551
12.38770126861386
12.38912998148666
12.38912998148666
12.38912998148666
12.38912998148666
12.38912998148666
12.38912998148666
12.38912998148666
12.38912998148666
12.38770126861386
14.5878498336757
17.62205000331479
17.62205000331479
17.62205000331479
17.62205000331479
17.62205000331479
17.62205000331479
17.62205000331479
17.62205000331479
17.43155121410469
13.51678602131204
14.72090321419251
14.72090321419251
14.72090321419251
14.72090321419251
14.72090321419251
14.72090321419251
14.72090321419251
14.72090321419251
14.64724734447895
18.74066252515009
28.12862931661341
28.12862931661341
28.12862931661341
28.12862931661341
28.12862931661341
28.12862931661341
28.12862931661341
28.12862931661341
25.35976601677746
17.40943231377171
17.51973427825032
17.51973427825032
17.51973427825032
17.51973427825032
17.51973427825032
17.51973427825032
17.51973427825032
17.51973427825032
15.81432328133551
12.38770126861386
13.27420467563834
13.27420467563834
13.27420467563834
13.27420467563834
13.27420467563834
13.27420467563834
13.27420467563834
13.27420467563834
13.22126497651257
15.2928083232198
18.9761796824936
18.9761796824936
18.9761796824936
18.9761796824936
18.9761796824936
18.9761796824936
18.9761796824936
18.9761796824936
18.74066252515009
14.64724734447895
17.79552217435248
17.79552217435248
17.79552217435248
17.79552217435248
17.79552217435248
17.79552217435248
17.79552217435248
17.79552217435248
17.60968056354816
20.47577994384546
31.70887378148755
31.70887378148755
31.70887378148755
31.70887378148755
31.70887378148755
31.70887378148755
31.70887378148755
31.70887378148755
27.89466851291852
21.08662514850289
21.32186607629593
21.32186607629593
21.32186607629593
21.32186607629593
21.32186607629593
21.32186607629593
21.32186607629593
21.32186607629593
17.40943231377171
13.22126497651257
15.93496041354898
15.93496041354898
15.93496041354898
15.93496041354898
15.93496041354898
15.93496041354898
15.93496041354898
15.93496041354898
15.77497834129825
16.2458705926667
20.75397336220721
20.75397336220721
20.75397336220721
20.75397336220721
20.75397336220721
20.75397336220721
20.75397336220721
20.75397336220721
20.47577994384546
17.92898342750255
17.9556970076422
17.9556970076422
17.9556970076422
17.9556970076422
17.9556970076422
17.9556970076422
17.9556970076422
17.9556970076422
17.5028025340098
20.97158208808656
24.01079659173752
24.01079659173752
24.01079659173752
24.01079659173752
24.01079659173752
24.01079659173752
24.01079659173752
24.01079659173752
23.82367463034263
20.40107030557796
21.17110831374877
21.17110831374877
21.17110831374877
21.17110831374877
21.17110831374877
21.17110831374877
21.17110831374877
21.17110831374877
21.12495223158685
26.99471784934559
27.23104500635113
27.23104500635113
27.23104500635113
27.23104500635113
27.23104500635113
27.23104500635113
27.23104500635113
27.23104500635113
23.28873889356754
23.28873889356754
23.32397655510377
23.32397655510377
23.32397655510377
23.32397655510377
23.32397655510377
23.32397655510377
23.32397655510377
23.32397655510377
22.81698845760863
15.54423546410279
15.55324777495776
15.55324777495776
15.55324777495776
15.55324777495776
15.55324777495776
15.55324777495776
15.55324777495776
15.55324777495776
15.40924988294088
20.97158208808656
20.98138291093821
20.98138291093821
20.98138291093821
20.98138291093821
20.98138291093821
20.98138291093821
20.98138291093821
20.98138291093821
20.97158208808656
17.5028025340098
17.50416161333589
17.50416161333589
17.50416161333589
17.50416161333589
17.50416161333589
17.50416161333589
17.50416161333589
17.50416161333589
17.5028025340098
18.95143204291264
21.0697043761947
21.0697043761947
21.0697043761947
21.0697043761947
21.0697043761947
21.0697043761947
21.0697043761947
21.0697043761947
20.93876541635234
20.40107030557796
20.40488069051911
20.40488069051911
20.40488069051911
20.40488069051911
20.40488069051911
20.40488069051911
20.40488069051911
20.40488069051911
20.40107030557796
15.40924988294088
15.41117948282125
15.41117948282125
15.41117948282125
15.41117948282125
15.41117948282125
15.41117948282125
15.41117948282125
15.41117948282125
15.40924988294088
18.95143204291264
18.95911000420104
18.95911000420104
18.95911000420104
18.95911000420104
18.95911000420104
18.95911000420104
18.95911000420104
18.95911000420104
18.95143204291264
17.5028025340098
18.4057240139683
18.4057240139683
18.4057240139683
18.4057240139683
18.4057240139683
18.4057240139683
18.4057240139683
18.4057240139683
14.12365663681052
17.14925116004072
18.34679711098988
18.34679711098988
18.34679711098988
18.34679711098988
18.34679711098988
18.34679711098988
18.34679711098988
18.34679711098988
17.99789911155702
15.88340157957455
21.14571837417488
21.14571837417488
21.14571837417488
21.14571837417488
21.14571837417488
21.14571837417488
21.14571837417488
21.14571837417488
20.40107030557796
15.40924988294088
16.50657964930173
16.50657964930173
16.50657964930173
16.50657964930173
16.50657964930173
16.50657964930173
16.50657964930173
16.50657964930173
12.94194028289458
17.14925116004072
17.15584123275314
17.15584123275314
17.15584123275314
17.15584123275314
17.15584123275314
17.15584123275314
17.15584123275314
17.15584123275314
17.14925116004072
14.12365663681052
14.12469666063084
14.12469666063084
14.12469666063084
14.12469666063084
14.12469666063084
14.12469666063084
14.12469666063084
14.12469666063084
14.12365663681052
16.01454836535851
16.58206979183183
16.58206979183183
16.58206979183183
16.58206979183183
16.58206979183183
16.58206979183183
16.58206979183183
16.58206979183183
15.8797323815596
15.88340157957455
15.88745692316841
15.88745692316841
15.88745692316841
15.88745692316841
15.88745692316841
15.88745692316841
15.88745692316841
15.88745692316841
15.88340157957455
12.94194028289458
12.9465970967492
12.9465970967492
12.9465970967492
12.9465970967492
12.9465970967492
12.9465970967492
12.9465970967492
12.9465970967492
12.94194028289458
16.01454836535851
16.02271051717629
16.02271051717629
16.02271051717629
16.02271051717629
16.02271051717629
16.02271051717629
16.02271051717629
16.02271051717629
16.01454836535851
14.12365663681052
15.16823054118465
15.16823054118465
15.16823054118465
15.16823054118465
15.16823054118465
15.16823054118465
15.16823054118465
15.16823054118465
15.10295551370292
16.00928418998653
16.58513002723831
16.58513002723831
16.58513002723831
16.58513002723831
16.58513002723831
16.58513002723831
16.58513002723831
16.58513002723831
15.88340157957455
12.94194028289458
14.31785393577278
14.31785393577278
14.31785393577278
14.31785393577278
14.31785393577278
14.31785393577278
14.31785393577278
14.31785393577278
14.23196840922948
13.54610628982191
13.54655856687457
13.54655856687457
13.54655856687457
13.54655856687457
13.54655856687457
13.54655856687457
13.54655856687457
13.54655856687457
13.54610628982191
13.81427597292123
13.9356504463793
13.9356504463793
13.9356504463793
13.9356504463793
13.9356504463793
13.9356504463793
13.9356504463793
13.9356504463793
11.9127628882832
13.25397075084637
13.40775051414859
13.40775051414859
13.40775051414859
13.40775051414859
13.40775051414859
13.40775051414859
13.40775051414859
13.40775051414859
13.39945947255822
14.09722359684808
14.10402604414483
14.10402604414483
14.10402604414483
14.10402604414483
14.10402604414483
14.10402604414483
14.10402604414483
14.10402604414483
14.09722359684808
15.55883284856261
15.67815806231182
15.67815806231182
15.67815806231182
15.67815806231182
15.67815806231182
15.67815806231182
15.67815806231182
15.67815806231182
13.81427597292123
13.54610628982191
13.77549929900431
13.77549929900431
13.77549929900431
13.77549929900431
13.77549929900431
13.77549929900431
13.77549929900431
13.77549929900431
12.39272390617132
14.11587429490909
14.26253067930165
14.26253067930165
14.26253067930165
14.26253067930165
14.26253067930165
14.26253067930165
14.26253067930165
14.26253067930165
11.89385272809393
11.80213543795734
13.34560353011627
13.34560353011627
13.34560353011627
13.34560353011627
13.34560353011627
13.34560353011627
13.34560353011627
13.34560353011627
13.25397075084637
14.09722359684808
14.71680463965463
14.71680463965463
14.71680463965463
14.71680463965463
14.71680463965463
14.71680463965463
14.71680463965463
14.71680463965463
13.522546214512
16.40264608611673
16.55718267515986
16.55718267515986
16.55718267515986
16.55718267515986
16.55718267515986
16.55718267515986
16.55718267515986
16.55718267515986
14.11587429490909
12.39272390617132
12.39415506449649
12.39415506449649
12.39415506449649
12.39415506449649
12.39415506449649
12.39415506449649
12.39415506449649
12.39415506449649
12.39272390617132
14.58515105170894
14.75778708404434
14.75778708404434
14.75778708404434
14.75778708404434
14.75778708404434
14.75778708404434
14.75778708404434
14.75778708404434
12.01006314829445
11.80213543795734
11.80394437002869
11.80394437002869
11.80394437002869
11.80394437002869
11.80394437002869
11.80394437002869
11.80394437002869
11.80394437002869
11.80213543795734
13.522546214512
13.52626783947376
13.52626783947376
13.52626783947376
13.52626783947376
13.52626783947376
13.52626783947376
13.52626783947376
13.52626783947376
13.522546214512
17.43718639617354
17.62821751445076
17.62821751445076
17.62821751445076
17.62821751445076
17.62821751445076
17.62821751445076
17.62821751445076
17.62821751445076
14.58515105170894
12.39272390617132
13.25462350606217
13.25462350606217
13.25462350606217
13.25462350606217
13.25462350606217
13.25462350606217
13.25462350606217
13.25462350606217
13.20313359859132
15.28892486995254
15.49112369060289
15.49112369060289
15.49112369060289
15.49112369060289
15.49112369060289
15.49112369060289
15.49112369060289
15.49112369060289
12.28081024543523
12.36612185195942
12.40298335632091
12.40298335632091
12.40298335632091
12.40298335632091
12.40298335632091
12.40298335632091
12.40298335632091
12.40298335632091
11.80213543795734
13.522546214512
14.69950771853934
14.69950771853934
14.69950771853934
14.69950771853934
14.69950771853934
14.69950771853934
14.69950771853934
14.69950771853934
14.62745702356025
18.74463645004065
18.98065677077483
18.98065677077483
18.98065677077483
18.98065677077483
18.98065677077483
18.98065677077483
18.98065677077483
18.98065677077483
15.28892486995254
13.20313359859132
15.95541860239339
15.95541860239339
15.95541860239339
15.95541860239339
15.95541860239339
15.95541860239339
15.95541860239339
15.95541860239339
15.79316405271384
16.24328644055206
16.45701770195804
16.45701770195804
16.45701770195804
16.45701770195804
16.45701770195804
16.45701770195804
16.45701770195804
16.45701770195804
13.00711101780798
14.70348633589133
14.84916211008852
14.84916211008852
14.84916211008852
14.84916211008852
14.84916211008852
14.84916211008852
14.84916211008852
14.84916211008852
12.36612185195942
14.62745702356025
17.81904457423917
17.81904457423917
17.81904457423917
17.81904457423917
17.81904457423917
17.81904457423917
17.81904457423917
17.81904457423917
17.6306491854794
20.4822400217356
20.76101093376464
20.76101093376464
20.76101093376464
20.76101093376464
20.76101093376464
20.76101093376464
20.76101093376464
20.76101093376464
16.24328644055206
27.89466851291852
27.99765575543564
27.99765575543564
27.99765575543564
27.99765575543564
27.99765575543564
27.99765575543564
27.99765575543564
27.99765575543564
26.52559895113168
23.55890412060094
23.79933668338075
23.79933668338075
23.79933668338075
23.79933668338075
23.79933668338075
23.79933668338075
23.79933668338075
23.79933668338075
19.97877354879809
25.35976601677746
25.38537722933498
25.38537722933498
25.38537722933498
25.38537722933498
25.38537722933498
25.38537722933498
25.38537722933498
25.38537722933498
25.35976601677746
19.97877354879809
20.10858002255016
20.10858002255016
20.10858002255016
20.10858002255016
20.10858002255016
20.10858002255016
20.10858002255016
20.10858002255016
18.29207815756991
22.72924250161495
22.74096632263594
22.74096632263594
22.74096632263594
22.74096632263594
22.74096632263594
22.74096632263594
22.74096632263594
22.74096632263594
22.72924250161495
18.29207815756991
18.30347717383482
18.30347717383482
18.30347717383482
18.30347717383482
18.30347717383482
18.30347717383482
18.30347717383482
18.30347717383482
18.29207815756991
20.20101700028873
20.21127271426728
20.21127271426728
20.21127271426728
20.21127271426728
20.21127271426728
20.21127271426728
20.21127271426728
20.21127271426728
20.20101700028873
18.29207815756991
19.3945455822029
19.3945455822029
19.3945455822029
19.3945455822029
19.3945455822029
19.3945455822029
19.3945455822029
19.3945455822029
17.65548420526795
17.65374309772614
17.66289753911836
17.66289753911836
17.66289753911836
17.66289753911836
17.66289753911836
17.66289753911836
17.66289753911836
17.66289753911836
17.65374309772614
17.65548420526795
17.66463967510482
17.66463967510482
17.66463967510482
17.66463967510482
17.66463967510482
17.66463967510482
17.66463967510482
17.66463967510482
17.65548420526795
15.64908516695979
15.65629922198028
15.65629922198028
15.65629922198028
15.65629922198028
15.65629922198028
15.65629922198028
15.65629922198028
15.65629922198028
15.64908516695979
17.65548420526795
20.83815503959328
20.83815503959328
20.83815503959328
20.83815503959328
20.83815503959328
20.83815503959328
20.83815503959328
20.83815503959328
15.55883284856261
11.9127628882832
11.91064714274741
11.91064714274741
11.91064714274741
11.91064714274741
11.91064714274741
11.91064714274741
11.91064714274741
11.91064714274741
11.9127628882832
13.13646606141153
13.56733438387629
13.56733438387629
13.56733438387629
13.56733438387629
13.56733438387629
13.56733438387629
13.56733438387629
13.56733438387629
13.53970595600869
11.9127628882832
14.61227562558566
14.61227562558566
14.61227562558566
14.61227562558566
14.61227562558566
14.61227562558566
14.61227562558566
14.61227562558566
13.10413942795924
13.25469455613873
14.00022072652536
14.00022072652536
14.00022072652536
14.00022072652536
14.00022072652536
14.00022072652536
14.00022072652536
14.00022072652536
13.95053950445796
13.10413942795924
13.12018283276974
13.12018283276974
13.12018283276974
13.12018283276974
13.12018283276974
13.12018283276974
13.12018283276974
13.12018283276974
12.8469543454402
13.61311261433758
14.62174306750349
14.62174306750349
14.62174306750349
14.62174306750349
14.62174306750349
14.62174306750349
14.62174306750349
14.62174306750349
14.5557130507544
12.8469543454402
12.84671870612329
12.84671870612329
12.84671870612329
12.84671870612329
12.84671870612329
12.84671870612329
12.84671870612329
12.84671870612329
12.8469543454402
14.23589284270846
15.39883390191757
15.39883390191757
15.39883390191757
15.39883390191757
15.39883390191757
15.39883390191757
15.39883390191757
15.39883390191757
15.32501429477353
13.00711101780798
13.00801158264606
13.00801158264606
13.00801158264606
13.00801158264606
13.00801158264606
13.00801158264606
13.00801158264606
13.00801158264606
13.00711101780798
13.85831012417624
13.97801350173338
13.97801350173338
13.97801350173338
13.97801350173338
13.97801350173338
13.97801350173338
13.97801350173338
13.97801350173338
11.97621148597917
12.28081024543523
12.30215604212718
12.30215604212718
12.30215604212718
12.30215604212718
12.30215604212718
12.30215604212718
12.30215604212718
12.30215604212718
12.28081024543523
11.97621148597917
11.9937399539407
11.9937399539407
11.9937399539407
11.9937399539407
11.9937399539407
11.9937399539407
11.9937399539407
11.9937399539407
11.56641638136871
12.01006314829445
12.01595063489592
12.01595063489592
12.01595063489592
12.01595063489592
12.01595063489592
12.01595063489592
12.01595063489592
12.01595063489592
12.01006314829445
11.56641638136871
11.56159325889387
11.56159325889387
11.56159325889387
11.56159325889387
11.56159325889387
11.56159325889387
11.56159325889387
11.56159325889387
11.56641638136871
11.89385272809393
11.89393204160242
11.89393204160242
11.89393204160242
11.89393204160242
11.89393204160242
11.89393204160242
11.89393204160242
11.89393204160242
11.89385272809393
11.56641638136871
13.23165030869604
13.23165030869604
13.23165030869604
13.23165030869604
13.23165030869604
13.23165030869604
13.23165030869604
13.23165030869604
13.13646606141153
17.14333814323151
18.34950745136058
18.34950745136058
18.34950745136058
18.34950745136058
18.34950745136058
18.34950745136058
18.34950745136058
18.34950745136058
18.00164720475055
15.8797323815596
15.88378564402599
15.88378564402599
15.88378564402599
15.88378564402599
15.88378564402599
15.88378564402599
15.88378564402599
15.88378564402599
15.8797323815596
18.00164720475055
18.0052474756256
18.0052474756256
18.0052474756256
18.0052474756256
18.0052474756256
18.0052474756256
18.0052474756256
18.0052474756256
18.00164720475055
17.99789911155702
18.0014980815245
18.0014980815245
18.0014980815245
18.0014980815245
18.0014980815245
18.0014980815245
18.0014980815245
18.0014980815245
17.99789911155702
18.00164720475055
24.30235491921525
24.30235491921525
24.30235491921525
24.30235491921525
24.30235491921525
24.30235491921525
24.30235491921525
24.30235491921525
23.48057025797739
21.108879476441
21.12357979741175
21.12357979741175
21.12357979741175
21.12357979741175
21.12357979741175
21.12357979741175
21.12357979741175
21.12357979741175
20.93876541635234
23.48057025797739
23.48686321804971
23.48686321804971
23.48686321804971
23.48686321804971
23.48686321804971
23.48686321804971
23.48686321804971
23.48686321804971
23.48057025797739
24.21780026850299
24.25107688254548
24.25107688254548
24.25107688254548
24.25107688254548
24.25107688254548
24.25107688254548
24.25107688254548
24.25107688254548
23.82367463034263
23.48057025797739
24.30057659194159
24.30057659194159
24.30057659194159
24.30057659194159
24.30057659194159
24.30057659194159
24.30057659194159
24.30057659194159
24.25038439703756
27.36094425568854
27.39176957303076
27.39176957303076
27.39176957303076
27.39176957303076
27.39176957303076
27.39176957303076
27.39176957303076
27.39176957303076
26.99471784934559
22.81698845760863
23.29908140581071
23.29908140581071
23.29908140581071
23.29908140581071
23.29908140581071
23.29908140581071
23.29908140581071
23.29908140581071
15.32531693669334
13.74900412764271
13.74905717916441
13.74905717916441
13.74905717916441
13.74905717916441
13.74905717916441
13.74905717916441
13.74905717916441
13.74905717916441
13.74900412764271
14.55639709035478
21.59899849658996
21.59899849658996
21.59899849658996
21.59899849658996
21.59899849658996
21.59899849658996
21.59899849658996
21.59899849658996
20.97158208808656
13.74900412764271
13.88237729724657
13.88237729724657
13.88237729724657
13.88237729724657
13.88237729724657
13.88237729724657
13.88237729724657
13.88237729724657
13.87403302826145
13.95073632531559
20.20363361076145
20.20363361076145
20.20363361076145
20.20363361076145
20.20363361076145
20.20363361076145
20.20363361076145
20.20363361076145
18.95143204291264
13.87403302826145
15.17081064069101
15.17081064069101
15.17081064069101
15.17081064069101
15.17081064069101
15.17081064069101
15.17081064069101
15.17081064069101
12.17508200571885
13.54054422918971
19.03651910313835
19.03651910313835
19.03651910313835
19.03651910313835
19.03651910313835
19.03651910313835
19.03651910313835
19.03651910313835
17.14925116004072
12.17508200571885
12.17602176795233
12.17602176795233
12.17602176795233
12.17602176795233
12.17602176795233
12.17602176795233
12.17602176795233
12.17602176795233
12.17508200571885
13.40037120401338
18.37262414614361
18.37262414614361
18.37262414614361
18.37262414614361
18.37262414614361
18.37262414614361
18.37262414614361
18.37262414614361
16.01454836535851
12.17508200571885
13.87542079044033
13.87542079044033
13.87542079044033
13.87542079044033
13.87542079044033
13.87542079044033
13.87542079044033
13.87542079044033
13.77894997934712
15.64908516695979
16.83135443051082
16.83135443051082
16.83135443051082
16.83135443051082
16.83135443051082
16.83135443051082
16.83135443051082
16.83135443051082
15.82080607682082
20.20240762080375
22.96286841949575
22.96286841949575
22.96286841949575
22.96286841949575
22.96286841949575
22.96286841949575
22.96286841949575
22.96286841949575
16.40264608611673
15.82080607682082
15.82791143268228
15.82791143268228
15.82791143268228
15.82791143268228
15.82791143268228
15.82791143268228
15.82791143268228
15.82791143268228
15.82080607682082
22.73232872000787
25.30119629088226
25.30119629088226
25.30119629088226
25.30119629088226
25.30119629088226
25.30119629088226
25.30119629088226
25.30119629088226
17.43718639617354
15.82080607682082
17.49384927844914
17.49384927844914
17.49384927844914
17.49384927844914
17.49384927844914
17.49384927844914
17.49384927844914
17.49384927844914
17.38549198056161
25.36005543634498
28.12314470360327
28.12314470360327
28.12314470360327
28.12314470360327
28.12314470360327
28.12314470360327
28.12314470360327
28.12314470360327
18.74463645004065
17.38549198056161
21.34929947782502
21.34929947782502
21.34929947782502
21.34929947782502
21.34929947782502
21.34929947782502
21.34929947782502
21.34929947782502
21.11101389769609
27.89712941776585
31.70687639726622
31.70687639726622
31.70687639726622
31.70687639726622
31.70687639726622
31.70687639726622
31.70687639726622
31.70687639726622
20.4822400217356
15.32531693669334
15.39906601909337
15.39906601909337
15.39906601909337
15.39906601909337
15.39906601909337
15.39906601909337
15.39906601909337
15.39906601909337
14.23735704649475
12.84269511366728
12.84245901891551
12.84245901891551
12.84245901891551
12.84245901891551
12.84245901891551
12.84245901891551
12.84245901891551
12.84245901891551
12.84269511366728
13.61487897157197
14.62236934707304
14.62236934707304
14.62236934707304
14.62236934707304
14.62236934707304
14.62236934707304
14.62236934707304
14.62236934707304
14.55639709035478
12.84269511366728
13.13866063943962
13.13866063943962
13.13866063943962
13.13866063943962
13.13866063943962
13.13866063943962
13.13866063943962
13.13866063943962
13.12128108746139
13.25602113939852
14.00034539437994
14.00034539437994
14.00034539437994
14.00034539437994
14.00034539437994
14.00034539437994
14.00034539437994
14.00034539437994
13.95073632531559
13.12128108746139
14.5939189570145
14.5939189570145
14.5939189570145
14.5939189570145
14.5939189570145
14.5939189570145
14.5939189570145
14.5939189570145
11.91527147781881
13.13815542166668
13.56812519600236
13.56812519600236
13.56812519600236
13.56812519600236
13.56812519600236
13.56812519600236
13.56812519600236
13.56812519600236
13.54054422918971
11.91527147781881
11.91314508379913
11.91314508379913
11.91314508379913
11.91314508379913
11.91314508379913
11.91314508379913
11.91314508379913
11.91314508379913
11.91527147781881
13.25606517117329
13.40858822846002
13.40858822846002
13.40858822846002
13.40858822846002
13.40858822846002
13.40858822846002
13.40858822846002
13.40858822846002
13.40037120401338
11.91527147781881
13.93787217997321
13.93787217997321
13.93787217997321
13.93787217997321
13.93787217997321
13.93787217997321
13.93787217997321
13.93787217997321
13.81651348178891
17.65374309772614
19.38977519245058
19.38977519245058
19.38977519245058
19.38977519245058
19.38977519245058
19.38977519245058
19.38977519245058
19.38977519245058
18.30010947529571
20.20240762080375
20.21265794544225
20.21265794544225
20.21265794544225
20.21265794544225
20.21265794544225
20.21265794544225
20.21265794544225
20.21265794544225
20.20240762080375
18.30010947529571
18.31151951023138
18.31151951023138
18.31151951023138
18.31151951023138
18.31151951023138
18.31151951023138
18.31151951023138
18.31151951023138
18.30010947529571
22.73232872000787
22.74404798897325
22.74404798897325
22.74404798897325
22.74404798897325
22.74404798897325
22.74404798897325
22.74404798897325
22.74404798897325
22.73232872000787
18.30010947529571
20.07964246740831
20.07964246740831
20.07964246740831
20.07964246740831
20.07964246740831
20.07964246740831
20.07964246740831
20.07964246740831
19.95209891403704
25.36005543634498
25.38566012415607
25.38566012415607
25.38566012415607
25.38566012415607
25.38566012415607
25.38566012415607
25.38566012415607
25.38566012415607
25.36005543634498
19.95209891403704
23.82922030705322
23.82922030705322
23.82922030705322
23.82922030705322
23.82922030705322
23.82922030705322
23.82922030705322
23.82922030705322
23.58539659621068
26.53193076800576
27.99987532803787
27.99987532803787
27.99987532803787
27.99987532803787
27.99987532803787
27.99987532803787
27.99987532803787
27.99987532803787
27.89712941776585
15.2928083232198
15.49502721520691
15.49502721520691
15.49502721520691
15.49502721520691
15.49502721520691
15.49502721520691
15.49502721520691
15.49502721520691
12.28437645515444
12.38296069755306
14.83038264075043
14.83038264075043
14.83038264075043
14.83038264075043
14.83038264075043
14.83038264075043
14.83038264075043
14.83038264075043
14.68680345481451
13.00971312344409
16.45961069649778
16.45961069649778
16.45961069649778
16.45961069649778
16.45961069649778
16.45961069649778
16.45961069649778
16.45961069649778
16.2458705926667
14.5878498336757
14.76045686133642
14.76045686133642
14.76045686133642
14.76045686133642
14.76045686133642
14.76045686133642
14.76045686133642
14.76045686133642
12.0131486123789
11.79709505711246
12.42119112441328
12.42119112441328
12.42119112441328
12.42119112441328
12.42119112441328
12.42119112441328
12.42119112441328
12.42119112441328
12.38296069755306
14.11850137473588
14.26514706186128
14.26514706186128
14.26514706186128
14.26514706186128
14.26514706186128
14.26514706186128
14.26514706186128
14.26514706186128
11.89670012614244
11.79709505711246
11.79890281264878
11.79890281264878
11.79890281264878
11.79890281264878
11.79890281264878
11.79890281264878
11.79890281264878
11.79890281264878
11.79709505711246
13.25606517117329
13.3481531834914
13.3481531834914
13.3481531834914
13.3481531834914
13.3481531834914
13.3481531834914
13.3481531834914
13.3481531834914
11.79709505711246
18.94718245717732
21.07596231359231
21.07596231359231
21.07596231359231
21.07596231359231
21.07596231359231
21.07596231359231
21.07596231359231
21.07596231359231
20.94440159005939
20.37600515244016
21.17335198290259
21.17335198290259
21.17335198290259
21.17335198290259
21.17335198290259
21.17335198290259
21.17335198290259
21.17335198290259
15.8797323815596
20.96446132096137
24.01422937632734
24.01422937632734
24.01422937632734
24.01422937632734
24.01422937632734
24.01422937632734
24.01422937632734
24.01422937632734
23.82648595243313
20.37600515244016
20.37980124099112
20.37980124099112
20.37980124099112
20.37980124099112
20.37980124099112
20.37980124099112
20.37980124099112
20.37980124099112
20.37600515244016
23.28238745081728
27.2374635513622
27.2374635513622
27.2374635513622
27.2374635513622
27.2374635513622
27.2374635513622
27.2374635513622
27.2374635513622
27.00038320377126
21.13430252322272
21.18261078207933
21.18261078207933
21.18261078207933
21.18261078207933
21.18261078207933
21.18261078207933
21.18261078207933
21.18261078207933
20.37600515244016
27.00038320377126
27.3997619054979
27.3997619054979
27.3997619054979
27.3997619054979
27.3997619054979
27.3997619054979
27.3997619054979
27.3997619054979
27.36878743571563
24.2617867638823
24.31441624100768
24.31441624100768
24.31441624100768
24.31441624100768
24.31441624100768
24.31441624100768
24.31441624100768
24.31441624100768
23.45301894099223
24.22349914642972
24.25696201145958
24.25696201145958
24.25696201145958
24.25696201145958
24.25696201145958
24.25696201145958
24.25696201145958
24.25696201145958
23.82648595243313
23.45301894099223
23.45929104821443
23.45929104821443
23.45929104821443
23.45929104821443
23.45929104821443
23.45929104821443
23.45929104821443
23.45929104821443
23.45301894099223
21.11697597543293
21.13183588964448
21.13183588964448
21.13183588964448
21.13183588964448
21.13183588964448
21.13183588964448
21.13183588964448
21.13183588964448
20.94440159005939
23.45301894099223
24.33472541333456
24.33472541333456
24.33472541333456
24.33472541333456
24.33472541333456
24.33472541333456
24.33472541333456
24.33472541333456
17.99789911155702
13.13815542166668
13.23376844133088
13.23376844133088
13.23376844133088
13.23376844133088
13.23376844133088
13.23376844133088
13.23376844133088
13.23376844133088
11.56120149197969
11.89670012614244
11.89679344487237
11.89679344487237
11.89679344487237
11.89679344487237
11.89679344487237
11.89679344487237
11.89679344487237
11.89679344487237
11.89670012614244
11.56120149197969
11.55638697696337
11.55638697696337
11.55638697696337
11.55638697696337
11.55638697696337
11.55638697696337
11.55638697696337
11.55638697696337
11.56120149197969
12.0131486123789
12.01903726196732
12.01903726196732
12.01903726196732
12.01903726196732
12.01903726196732
12.01903726196732
12.01903726196732
12.01903726196732
12.0131486123789
11.56120149197969
12.01127905972239
12.01127905972239
12.01127905972239
12.01127905972239
12.01127905972239
12.01127905972239
12.01127905972239
12.01127905972239
11.99242276562808
12.28437645515444
12.30572420844223
12.30572420844223
12.30572420844223
12.30572420844223
12.30572420844223
12.30572420844223
12.30572420844223
12.30572420844223
12.28437645515444
11.99242276562808
13.96051715562548
13.96051715562548
13.96051715562548
13.96051715562548
13.96051715562548
13.96051715562548
13.96051715562548
13.96051715562548
13.84279711836686
13.00971312344409
13.01061441971529
13.01061441971529
13.01061441971529
13.01061441971529
13.01061441971529
13.01061441971529
13.01061441971529
13.01061441971529
13.00971312344409
13.61311261433758
13.73932410626291
13.73932410626291
13.73932410626291
13.73932410626291
13.73932410626291
13.73932410626291
13.73932410626291
13.73932410626291
11.68993686117034
12.08683768878232
12.08745860188238
12.08745860188238
12.08745860188238
12.08745860188238
12.08745860188238
12.08745860188238
12.08745860188238
12.08745860188238
12.08683768878232
14.23589284270846
14.237099808189
14.237099808189
14.237099808189
14.237099808189
14.237099808189
14.237099808189
14.237099808189
14.237099808189
14.23589284270846
13.25469455613873
13.36693094389586
13.36693094389586
13.36693094389586
13.36693094389586
13.36693094389586
13.36693094389586
13.36693094389586
13.36693094389586
11.53443927739818
12.58875332150934
12.62062756231201
12.62062756231201
12.62062756231201
12.62062756231201
12.62062756231201
12.62062756231201
12.62062756231201
12.62062756231201
12.08683768878232
11.89385272809393
14.30314858256684
14.30314858256684
14.30314858256684
14.30314858256684
14.30314858256684
14.30314858256684
14.30314858256684
14.30314858256684
12.58875332150934
20.20101700028873
22.38576341036298
22.38576341036298
22.38576341036298
22.38576341036298
22.38576341036298
22.38576341036298
22.38576341036298
22.38576341036298
20.63660201624408
20.62690343145723
22.3907130825626
22.3907130825626
22.3907130825626
22.3907130825626
22.3907130825626
22.3907130825626
22.3907130825626
22.3907130825626
20.20240762080375
22.72924250161495
24.84202444302793
24.84202444302793
24.84202444302793
24.84202444302793
24.84202444302793
24.84202444302793
24.84202444302793
24.84202444302793
21.77999670604565
20.62690343145723
20.64479385856334
20.64479385856334
20.64479385856334
20.64479385856334
20.64479385856334
20.64479385856334
20.64479385856334
20.64479385856334
20.62690343145723
25.35976601677746
26.56546649868281
26.56546649868281
26.56546649868281
26.56546649868281
26.56546649868281
26.56546649868281
26.56546649868281
26.56546649868281
21.68589285915386
21.55182565251184
21.64597274551822
21.64597274551822
21.64597274551822
21.64597274551822
21.64597274551822
21.64597274551822
21.64597274551822
21.64597274551822
20.62690343145723
26.52559895113168
26.94957728989147
26.94957728989147
26.94957728989147
26.94957728989147
26.94957728989147
26.94957728989147
26.94957728989147
26.94957728989147
20.41734713681468
23.74343528792656
23.90051989395693
23.90051989395693
23.90051989395693
23.90051989395693
23.90051989395693
23.90051989395693
23.90051989395693
23.90051989395693
21.55182565251184
14.23735704649475
14.2385634469618
14.2385634469618
14.2385634469618
14.2385634469618
14.2385634469618
14.2385634469618
14.2385634469618
14.2385634469618
14.23735704649475
12.08289481098811
12.08351583763042
12.08351583763042
12.08351583763042
12.08351583763042
12.08351583763042
12.08351583763042
12.08351583763042
12.08351583763042
12.08289481098811
11.68503597151467
13.74150276677034
13.74150276677034
13.74150276677034
13.74150276677034
13.74150276677034
13.74150276677034
13.74150276677034
13.74150276677034
13.61487897157197
12.08289481098811
12.63830403472203
12.63830403472203
12.63830403472203
12.63830403472203
12.63830403472203
12.63830403472203
12.63830403472203
12.63830403472203
12.60514758029517
11.52884316637566
13.36868640173855
13.36868640173855
13.36868640173855
13.36868640173855
13.36868640173855
13.36868640173855
13.36868640173855
13.36868640173855
13.25602113939852
12.60514758029517
14.28539185840467
14.28539185840467
14.28539185840467
14.28539185840467
14.28539185840467
14.28539185840467
14.28539185840467
14.28539185840467
11.89670012614244
20.63660201624408
20.65451331105758
20.65451331105758
20.65451331105758
20.65451331105758
20.65451331105758
20.65451331105758
20.65451331105758
20.65451331105758
20.63660201624408
21.7703476848939
24.84891640124602
24.84891640124602
24.84891640124602
24.84891640124602
24.84891640124602
24.84891640124602
24.84891640124602
24.84891640124602
22.73232872000787
20.63660201624408
21.61552379062169
21.61552379062169
21.61552379062169
21.61552379062169
21.61552379062169
21.61552379062169
21.61552379062169
21.61552379062169
21.52386664235552
21.67736755001138
26.57107098088952
26.57107098088952
26.57107098088952
26.57107098088952
26.57107098088952
26.57107098088952
26.57107098088952
26.57107098088952
25.36005543634498
21.52386664235552
23.93186952823746
23.93186952823746
23.93186952823746
23.93186952823746
23.93186952823746
23.93186952823746
23.93186952823746
23.93186952823746
23.77120950924423
20.40912477058099
26.95685425816167
26.95685425816167
26.95685425816167
26.95685425816167
26.95685425816167
26.95685425816167
26.95685425816167
26.95685425816167
26.53193076800576
23.73611086055314
23.74811404339492
23.74811404339492
23.74811404339492
23.74811404339492
23.74811404339492
23.74811404339492
23.74811404339492
23.74811404339492
23.73611086055314
23.74753778984564
23.75955327494092
23.75955327494092
23.75955327494092
23.75955327494092
23.75955327494092
23.75955327494092
23.75955327494092
23.75955327494092
23.74753778984564
26.18569150487533
26.19412359677557
26.19412359677557
26.19412359677557
26.19412359677557
26.19412359677557
26.19412359677557
26.19412359677557
26.19412359677557
26.18569150487533
26.19730291108212
26.20574347505847
26.20574347505847
26.20574347505847
26.20574347505847
26.20574347505847
26.20574347505847
26.20574347505847
26.20574347505847
26.19730291108212
27.73292430187351
28.02795580249975
28.02795580249975
28.02795580249975
28.02795580249975
28.02795580249975
28.02795580249975
28.02795580249975
28.02795580249975
23.73611086055314
26.18569150487533
28.26299161205625
28.26299161205625
28.26299161205625
28.26299161205625
28.26299161205625
28.26299161205625
28.26299161205625
28.26299161205625
28.11617405766668
26.66341155189108
26.66758631382138
26.66758631382138
26.66758631382138
26.66758631382138
26.66758631382138
26.66758631382138
26.66758631382138
26.66758631382138
26.66341155189108
27.36878743571563
34.63940648848777
34.63940648848777
34.63940648848777
34.63940648848777
34.63940648848777
34.63940648848777
34.63940648848777
34.63940648848777
27.73292430187351
28.11617405766668
32.00235534064834
32.00235534064834
32.00235534064834
32.00235534064834
32.00235534064834
32.00235534064834
32.00235534064834
32.00235534064834
24.22349914642972
27.69676977047735
34.68061676534421
34.68061676534421
34.68061676534421
34.68061676534421
34.68061676534421
34.68061676534421
34.68061676534421
34.68061676534421
27.36094425568854
24.21780026850299
32.0439973182453
32.0439973182453
32.0439973182453
32.0439973182453
32.0439973182453
32.0439973182453
32.0439973182453
32.0439973182453
28.08048299895234
26.65172494253523
26.65589894174843
26.65589894174843
26.65589894174843
26.65589894174843
26.65589894174843
26.65589894174843
26.65589894174843
26.65589894174843
26.65172494253523
23.74753778984564
27.98865385941055
27.98865385941055
27.98865385941055
27.98865385941055
27.98865385941055
27.98865385941055
27.98865385941055
27.98865385941055
27.69676977047735
28.08048299895234
28.22425448030268
28.22425448030268
28.22425448030268
28.22425448030268
28.22425448030268
28.22425448030268
28.22425448030268
28.22425448030268
26.19730291108212
17.77086518602743
20.60049285527363
20.60049285527363
20.60049285527363
20.60049285527363
20.60049285527363
20.60049285527363
20.60049285527363
20.60049285527363
20.40912477058099
21.67736755001138
21.82207149621413
21.82207149621413
21.82207149621413
21.82207149621413
21.82207149621413
21.82207149621413
21.82207149621413
21.82207149621413
19.9735703050545
21.38117337095548
22.40605306202111
22.40605306202111
22.40605306202111
22.40605306202111
22.40605306202111
22.40605306202111
22.40605306202111
22.40605306202111
22.3320424873394
16.81012199251956
17.86562588916699
17.86562588916699
17.86562588916699
17.86562588916699
17.86562588916699
17.86562588916699
17.86562588916699
17.86562588916699
17.77086518602743
19.9735703050545
20.01087743803156
20.01087743803156
20.01087743803156
20.01087743803156
20.01087743803156
20.01087743803156
20.01087743803156
20.01087743803156
19.9735703050545
19.94661523133971
20.02255511989948
20.02255511989948
20.02255511989948
20.02255511989948
20.02255511989948
20.02255511989948
20.02255511989948
20.02255511989948
20.00321202082672
16.81012199251956
16.82269105558112
16.82269105558112
16.82269105558112
16.82269105558112
16.82269105558112
16.82269105558112
16.82269105558112
16.82269105558112
16.81012199251956
19.9735703050545
19.9973672706099
19.9973672706099
19.9973672706099
19.9973672706099
19.9973672706099
19.9973672706099
19.9973672706099
19.9973672706099
19.981163726031
16.83227548105333
16.84489126211965
16.84489126211965
16.84489126211965
16.84489126211965
16.84489126211965
16.84489126211965
16.84489126211965
16.84489126211965
16.83227548105333
17.74927382607725
17.84114889177115
17.84114889177115
17.84114889177115
17.84114889177115
17.84114889177115
17.84114889177115
17.84114889177115
17.84114889177115
16.83227548105333
19.94661523133971
19.98377909085605
19.98377909085605
19.98377909085605
19.98377909085605
19.98377909085605
19.98377909085605
19.98377909085605
19.98377909085605
19.94661523133971
21.40811952534637
22.37478452037539
22.37478452037539
22.37478452037539
22.37478452037539
22.37478452037539
22.37478452037539
22.37478452037539
22.37478452037539
22.30427665432465
20.41734713681468
20.61060624878581
20.61060624878581
20.61060624878581
20.61060624878581
20.61060624878581
20.61060624878581
20.61060624878581
20.61060624878581
17.74927382607725
19.94661523133971
21.83287291415328
21.83287291415328
21.83287291415328
21.83287291415328
21.83287291415328
21.83287291415328
21.83287291415328
21.83287291415328
21.68589285915386
11.53443927739818
11.53656685871759
11.53656685871759
11.53656685871759
11.53656685871759
11.53656685871759
11.53656685871759
11.53656685871759
11.53656685871759
11.53443927739818
12.28686133295622
12.28822990284115
12.28822990284115
12.28822990284115
12.28822990284115
12.28822990284115
12.28822990284115
12.28822990284115
12.28822990284115
12.28686133295622
11.68993686117034
11.69179110261777
11.69179110261777
11.69179110261777
11.69179110261777
11.69179110261777
11.69179110261777
11.69179110261777
11.69179110261777
11.68993686117034
12.01006314829445
14.1553954877824
14.1553954877824
14.1553954877824
14.1553954877824
14.1553954877824
14.1553954877824
14.1553954877824
14.1553954877824
12.28686133295622
21.77999670604565
21.82931351524785
21.82931351524785
21.82931351524785
21.82931351524785
21.82931351524785
21.82931351524785
21.82931351524785
21.82931351524785
21.38117337095548
21.40811952534637
21.81734315234392
21.81734315234392
21.81734315234392
21.81734315234392
21.81734315234392
21.81734315234392
21.81734315234392
21.81734315234392
21.7703476848939
21.40811952534637
21.4428602220843
21.4428602220843
21.4428602220843
21.4428602220843
21.4428602220843
21.4428602220843
21.4428602220843
21.4428602220843
21.40811952534637
26.66341155189108
26.74900747214163
26.74900747214163
26.74900747214163
26.74900747214163
26.74900747214163
26.74900747214163
26.74900747214163
26.74900747214163
26.73221764702055
26.7677054113783
28.52301277311136
28.52301277311136
28.52301277311136
28.52301277311136
28.52301277311136
28.52301277311136
28.52301277311136
28.52301277311136
21.11697597543293
26.65172494253523
26.7874993225854
26.7874993225854
26.7874993225854
26.7874993225854
26.7874993225854
26.7874993225854
26.7874993225854
26.7874993225854
26.7677054113783
12.28081024543523
13.87889893706615
13.87889893706615
13.87889893706615
13.87889893706615
13.87889893706615
13.87889893706615
13.87889893706615
13.87889893706615
13.78011035514211
11.94557467868544
11.97766211986714
11.97766211986714
11.97766211986714
11.97766211986714
11.97766211986714
11.97766211986714
11.97766211986714
11.97766211986714
11.53443927739818
21.38117337095548
21.41579265481974
21.41579265481974
21.41579265481974
21.41579265481974
21.41579265481974
21.41579265481974
21.41579265481974
21.41579265481974
21.38117337095548
26.73221764702055
28.55594912066184
28.55594912066184
28.55594912066184
28.55594912066184
28.55594912066184
28.55594912066184
28.55594912066184
28.55594912066184
21.108879476441
11.68503597151467
11.68689668519152
11.68689668519152
11.68689668519152
11.68689668519152
11.68689668519152
11.68689668519152
11.68689668519152
11.68689668519152
11.68503597151467
12.3023848518449
12.3037593362258
12.3037593362258
12.3037593362258
12.3037593362258
12.3037593362258
12.3037593362258
12.3037593362258
12.3037593362258
12.3023848518449
11.52884316637566
11.53095150672792
11.53095150672792
11.53095150672792
11.53095150672792
11.53095150672792
11.53095150672792
11.53095150672792
11.53095150672792
11.52884316637566
12.3023848518449
14.1384409486693
14.1384409486693
14.1384409486693
14.1384409486693
14.1384409486693
14.1384409486693
14.1384409486693
14.1384409486693
12.0131486123789
11.52884316637566
11.99461860648994
11.99461860648994
11.99461860648994
11.99461860648994
11.99461860648994
11.99461860648994
11.99461860648994
11.99461860648994
11.96119261012523
13.76667565342938
13.86436404403133
13.86436404403133
13.86436404403133
13.86436404403133
13.86436404403133
13.86436404403133
13.86436404403133
13.86436404403133
12.28437645515444
