15.56053252264554
15.56053252264554
15.56053252264554
15.56053252264554
15.56053252264554
15.56053252264554
15.56053252264554
15.56053252264554
21.60048430654441
21.60048430654441
21.60048430654441
21.60048430654441
21.60048430654441
21.60048430654441
21.60048430654441
21.60048430654441
13.75372368157769
13.75372368157769
13.75372368157769
13.75372368157769
13.75372368157769
13.75372368157769
13.75372368157769
13.75372368157769
 23.3010899060587
 23.3010899060587
 23.3010899060587
 23.3010899060587
 23.3010899060587
 23.3010899060587
 23.3010899060587
 23.3010899060587
23.31710378866706
23.31710378866706
23.31710378866706
23.31710378866706
23.31710378866706
23.31710378866706
23.31710378866706
23.31710378866706
17.96402194458322
17.96402194458322
17.96402194458322
17.96402194458322
17.96402194458322
17.96402194458322
17.96402194458322
17.96402194458322
20.97424431486728
20.97424431486728
20.97424431486728
20.97424431486728
20.97424431486728
20.97424431486728
20.97424431486728
20.97424431486728
15.39198074517722
15.39198074517722
15.39198074517722
15.39198074517722
15.39198074517722
15.39198074517722
15.39198074517722
15.39198074517722
20.20626130523962
20.20626130523962
20.20626130523962
20.20626130523962
20.20626130523962
20.20626130523962
20.20626130523962
20.20626130523962
13.86314325961698
13.86314325961698
13.86314325961698
13.86314325961698
13.86314325961698
13.86314325961698
13.86314325961698
13.86314325961698
17.48197320250492
17.48197320250492
17.48197320250492
17.48197320250492
17.48197320250492
17.48197320250492
17.48197320250492
17.48197320250492
18.95485286453086
18.95485286453086
18.95485286453086
18.95485286453086
18.95485286453086
18.95485286453086
18.95485286453086
18.95485286453086
 16.5281582114638
 16.5281582114638
 16.5281582114638
 16.5281582114638
 16.5281582114638
 16.5281582114638
 16.5281582114638
 16.5281582114638
19.03723231865354
19.03723231865354
19.03723231865354
19.03723231865354
19.03723231865354
19.03723231865354
19.03723231865354
19.03723231865354
15.19008412551663
15.19008412551663
15.19008412551663
15.19008412551663
15.19008412551663
15.19008412551663
15.19008412551663
15.19008412551663
18.42942219554696
18.42942219554696
18.42942219554696
18.42942219554696
18.42942219554696
18.42942219554696
18.42942219554696
18.42942219554696
17.14992035922937
17.14992035922937
17.14992035922937
17.14992035922937
17.14992035922937
17.14992035922937
17.14992035922937
17.14992035922937
12.94414724777136
12.94414724777136
12.94414724777136
12.94414724777136
12.94414724777136
12.94414724777136
12.94414724777136
12.94414724777136
 18.3732098301771
 18.3732098301771
 18.3732098301771
 18.3732098301771
 18.3732098301771
 18.3732098301771
 18.3732098301771
 18.3732098301771
12.17354831987218
12.17354831987218
12.17354831987218
12.17354831987218
12.17354831987218
12.17354831987218
12.17354831987218
12.17354831987218
14.12151313095206
14.12151313095206
14.12151313095206
14.12151313095206
14.12151313095206
14.12151313095206
14.12151313095206
14.12151313095206
16.01744079086681
16.01744079086681
16.01744079086681
16.01744079086681
16.01744079086681
16.01744079086681
16.01744079086681
16.01744079086681
14.31583533282758
14.31583533282758
14.31583533282758
14.31583533282758
14.31583533282758
14.31583533282758
14.31583533282758
14.31583533282758
17.99414936771499
17.99414936771499
17.99414936771499
17.99414936771499
17.99414936771499
17.99414936771499
17.99414936771499
17.99414936771499
13.87343731618344
13.87343731618344
13.87343731618344
13.87343731618344
13.87343731618344
13.87343731618344
13.87343731618344
13.87343731618344
15.16569723069984
15.16569723069984
15.16569723069984
15.16569723069984
15.16569723069984
15.16569723069984
15.16569723069984
15.16569723069984
15.19263851720049
15.19263851720049
15.19263851720049
15.19263851720049
15.19263851720049
15.19263851720049
15.19263851720049
15.19263851720049
15.00371593669032
15.00371593669032
15.00371593669032
15.00371593669032
15.00371593669032
15.00371593669032
15.00371593669032
15.00371593669032
 18.1419844059353
 18.1419844059353
 18.1419844059353
 18.1419844059353
 18.1419844059353
 18.1419844059353
 18.1419844059353
 18.1419844059353
 15.1595443083717
 15.1595443083717
 15.1595443083717
 15.1595443083717
 15.1595443083717
 15.1595443083717
 15.1595443083717
 15.1595443083717
15.19793687240416
15.19793687240416
15.19793687240416
15.19793687240416
15.19793687240416
15.19793687240416
15.19793687240416
15.19793687240416
14.99839114381538
14.99839114381538
14.99839114381538
14.99839114381538
14.99839114381538
14.99839114381538
14.99839114381538
14.99839114381538
18.14154873244409
18.14154873244409
18.14154873244409
18.14154873244409
18.14154873244409
18.14154873244409
18.14154873244409
18.14154873244409
19.25702746084325
19.25702746084325
19.25702746084325
19.25702746084325
19.25702746084325
19.25702746084325
19.25702746084325
19.25702746084325
19.25667898694247
19.25667898694247
19.25667898694247
19.25667898694247
19.25667898694247
19.25667898694247
19.25667898694247
19.25667898694247
17.99365702655662
17.99365702655662
17.99365702655662
17.99365702655662
17.99365702655662
17.99365702655662
17.99365702655662
17.99365702655662
15.15410364365781
15.15410364365781
15.15410364365781
15.15410364365781
15.15410364365781
15.15410364365781
15.15410364365781
15.15410364365781
14.10528000907867
14.10528000907867
14.10528000907867
14.10528000907867
14.10528000907867
14.10528000907867
14.10528000907867
14.10528000907867
20.83894788507585
20.83894788507585
20.83894788507585
20.83894788507585
20.83894788507585
20.83894788507585
20.83894788507585
20.83894788507585
15.65801768835445
15.65801768835445
15.65801768835445
15.65801768835445
15.65801768835445
15.65801768835445
15.65801768835445
15.65801768835445
13.54777958881106
13.54777958881106
13.54777958881106
13.54777958881106
13.54777958881106
13.54777958881106
13.54777958881106
13.54777958881106
15.67264003221592
15.67264003221592
15.67264003221592
15.67264003221592
15.67264003221592
15.67264003221592
15.67264003221592
15.67264003221592
14.72008678540705
14.72008678540705
14.72008678540705
14.72008678540705
14.72008678540705
14.72008678540705
14.72008678540705
14.72008678540705
22.96450749883594
22.96450749883594
22.96450749883594
22.96450749883594
22.96450749883594
22.96450749883594
22.96450749883594
22.96450749883594
 16.8355090219719
 16.8355090219719
 16.8355090219719
 16.8355090219719
 16.8355090219719
 16.8355090219719
 16.8355090219719
 16.8355090219719
 13.7786594347365
 13.7786594347365
 13.7786594347365
 13.7786594347365
 13.7786594347365
 13.7786594347365
 13.7786594347365
 13.7786594347365
16.55168196352057
16.55168196352057
16.55168196352057
16.55168196352057
16.55168196352057
16.55168196352057
16.55168196352057
16.55168196352057
13.52049948909765
13.52049948909765
13.52049948909765
13.52049948909765
13.52049948909765
13.52049948909765
13.52049948909765
13.52049948909765
25.30223749970382
25.30223749970382
25.30223749970382
25.30223749970382
25.30223749970382
25.30223749970382
25.30223749970382
25.30223749970382
 15.8214236032621
 15.8214236032621
 15.8214236032621
 15.8214236032621
 15.8214236032621
 15.8214236032621
 15.8214236032621
 15.8214236032621
12.38912998148666
12.38912998148666
12.38912998148666
12.38912998148666
12.38912998148666
12.38912998148666
12.38912998148666
12.38912998148666
17.62205000331479
17.62205000331479
17.62205000331479
17.62205000331479
17.62205000331479
17.62205000331479
17.62205000331479
17.62205000331479
14.72090321419251
14.72090321419251
14.72090321419251
14.72090321419251
14.72090321419251
14.72090321419251
14.72090321419251
14.72090321419251
28.12862931661341
28.12862931661341
28.12862931661341
28.12862931661341
28.12862931661341
28.12862931661341
28.12862931661341
28.12862931661341
17.51973427825032
17.51973427825032
17.51973427825032
17.51973427825032
17.51973427825032
17.51973427825032
17.51973427825032
17.51973427825032
13.27420467563834
13.27420467563834
13.27420467563834
13.27420467563834
13.27420467563834
13.27420467563834
13.27420467563834
13.27420467563834
 18.9761796824936
 18.9761796824936
 18.9761796824936
 18.9761796824936
 18.9761796824936
 18.9761796824936
 18.9761796824936
 18.9761796824936
17.79552217435248
17.79552217435248
17.79552217435248
17.79552217435248
17.79552217435248
17.79552217435248
17.79552217435248
17.79552217435248
31.70887378148755
31.70887378148755
31.70887378148755
31.70887378148755
31.70887378148755
31.70887378148755
31.70887378148755
31.70887378148755
21.32186607629593
21.32186607629593
21.32186607629593
21.32186607629593
21.32186607629593
21.32186607629593
21.32186607629593
21.32186607629593
15.93496041354898
15.93496041354898
15.93496041354898
15.93496041354898
15.93496041354898
15.93496041354898
15.93496041354898
15.93496041354898
20.75397336220721
20.75397336220721
20.75397336220721
20.75397336220721
20.75397336220721
20.75397336220721
20.75397336220721
20.75397336220721
 17.9556970076422
 17.9556970076422
 17.9556970076422
 17.9556970076422
 17.9556970076422
 17.9556970076422
 17.9556970076422
 17.9556970076422
24.01079659173752
24.01079659173752
24.01079659173752
24.01079659173752
24.01079659173752
24.01079659173752
24.01079659173752
24.01079659173752
21.17110831374877
21.17110831374877
21.17110831374877
21.17110831374877
21.17110831374877
21.17110831374877
21.17110831374877
21.17110831374877
27.23104500635113
27.23104500635113
27.23104500635113
27.23104500635113
27.23104500635113
27.23104500635113
27.23104500635113
27.23104500635113
23.32397655510377
23.32397655510377
23.32397655510377
23.32397655510377
23.32397655510377
23.32397655510377
23.32397655510377
23.32397655510377
15.55324777495776
15.55324777495776
15.55324777495776
15.55324777495776
15.55324777495776
15.55324777495776
15.55324777495776
15.55324777495776
20.98138291093821
20.98138291093821
20.98138291093821
20.98138291093821
20.98138291093821
20.98138291093821
20.98138291093821
20.98138291093821
17.50416161333589
17.50416161333589
17.50416161333589
17.50416161333589
17.50416161333589
17.50416161333589
17.50416161333589
17.50416161333589
 21.0697043761947
 21.0697043761947
 21.0697043761947
 21.0697043761947
 21.0697043761947
 21.0697043761947
 21.0697043761947
 21.0697043761947
20.40488069051911
20.40488069051911
20.40488069051911
20.40488069051911
20.40488069051911
20.40488069051911
20.40488069051911
20.40488069051911
15.41117948282125
15.41117948282125
15.41117948282125
15.41117948282125
15.41117948282125
15.41117948282125
15.41117948282125
15.41117948282125
18.95911000420104
18.95911000420104
18.95911000420104
18.95911000420104
18.95911000420104
18.95911000420104
18.95911000420104
18.95911000420104
 18.4057240139683
 18.4057240139683
 18.4057240139683
 18.4057240139683
 18.4057240139683
 18.4057240139683
 18.4057240139683
 18.4057240139683
18.34679711098988
18.34679711098988
18.34679711098988
18.34679711098988
18.34679711098988
18.34679711098988
18.34679711098988
18.34679711098988
21.14571837417488
21.14571837417488
21.14571837417488
21.14571837417488
21.14571837417488
21.14571837417488
21.14571837417488
21.14571837417488
16.50657964930173
16.50657964930173
16.50657964930173
16.50657964930173
16.50657964930173
16.50657964930173
16.50657964930173
16.50657964930173
17.15584123275314
17.15584123275314
17.15584123275314
17.15584123275314
17.15584123275314
17.15584123275314
17.15584123275314
17.15584123275314
14.12469666063084
14.12469666063084
14.12469666063084
14.12469666063084
14.12469666063084
14.12469666063084
14.12469666063084
14.12469666063084
16.58206979183183
16.58206979183183
16.58206979183183
16.58206979183183
16.58206979183183
16.58206979183183
16.58206979183183
16.58206979183183
15.88745692316841
15.88745692316841
15.88745692316841
15.88745692316841
15.88745692316841
15.88745692316841
15.88745692316841
15.88745692316841
 12.9465970967492
 12.9465970967492
 12.9465970967492
 12.9465970967492
 12.9465970967492
 12.9465970967492
 12.9465970967492
 12.9465970967492
16.02271051717629
16.02271051717629
16.02271051717629
16.02271051717629
16.02271051717629
16.02271051717629
16.02271051717629
16.02271051717629
15.16823054118465
15.16823054118465
15.16823054118465
15.16823054118465
15.16823054118465
15.16823054118465
15.16823054118465
15.16823054118465
16.58513002723831
16.58513002723831
16.58513002723831
16.58513002723831
16.58513002723831
16.58513002723831
16.58513002723831
16.58513002723831
14.31785393577278
14.31785393577278
14.31785393577278
14.31785393577278
14.31785393577278
14.31785393577278
14.31785393577278
14.31785393577278
13.54655856687457
13.54655856687457
13.54655856687457
13.54655856687457
13.54655856687457
13.54655856687457
13.54655856687457
13.54655856687457
 13.9356504463793
 13.9356504463793
 13.9356504463793
 13.9356504463793
 13.9356504463793
 13.9356504463793
 13.9356504463793
 13.9356504463793
13.40775051414859
13.40775051414859
13.40775051414859
13.40775051414859
13.40775051414859
13.40775051414859
13.40775051414859
13.40775051414859
14.10402604414483
14.10402604414483
14.10402604414483
14.10402604414483
14.10402604414483
14.10402604414483
14.10402604414483
14.10402604414483
15.67815806231182
15.67815806231182
15.67815806231182
15.67815806231182
15.67815806231182
15.67815806231182
15.67815806231182
15.67815806231182
13.77549929900431
13.77549929900431
13.77549929900431
13.77549929900431
13.77549929900431
13.77549929900431
13.77549929900431
13.77549929900431
14.26253067930165
14.26253067930165
14.26253067930165
14.26253067930165
14.26253067930165
14.26253067930165
14.26253067930165
14.26253067930165
13.34560353011627
13.34560353011627
13.34560353011627
13.34560353011627
13.34560353011627
13.34560353011627
13.34560353011627
13.34560353011627
14.71680463965463
14.71680463965463
14.71680463965463
14.71680463965463
14.71680463965463
14.71680463965463
14.71680463965463
14.71680463965463
16.55718267515986
16.55718267515986
16.55718267515986
16.55718267515986
16.55718267515986
16.55718267515986
16.55718267515986
16.55718267515986
12.39415506449649
12.39415506449649
12.39415506449649
12.39415506449649
12.39415506449649
12.39415506449649
12.39415506449649
12.39415506449649
14.75778708404434
14.75778708404434
14.75778708404434
14.75778708404434
14.75778708404434
14.75778708404434
14.75778708404434
14.75778708404434
11.80394437002869
11.80394437002869
11.80394437002869
11.80394437002869
11.80394437002869
11.80394437002869
11.80394437002869
11.80394437002869
13.52626783947376
13.52626783947376
13.52626783947376
13.52626783947376
13.52626783947376
13.52626783947376
13.52626783947376
13.52626783947376
17.62821751445076
17.62821751445076
17.62821751445076
17.62821751445076
17.62821751445076
17.62821751445076
17.62821751445076
17.62821751445076
13.25462350606217
13.25462350606217
13.25462350606217
13.25462350606217
13.25462350606217
13.25462350606217
13.25462350606217
13.25462350606217
15.49112369060289
15.49112369060289
15.49112369060289
15.49112369060289
15.49112369060289
15.49112369060289
15.49112369060289
15.49112369060289
12.40298335632091
12.40298335632091
12.40298335632091
12.40298335632091
12.40298335632091
12.40298335632091
12.40298335632091
12.40298335632091
14.69950771853934
14.69950771853934
14.69950771853934
14.69950771853934
14.69950771853934
14.69950771853934
14.69950771853934
14.69950771853934
18.98065677077483
18.98065677077483
18.98065677077483
18.98065677077483
18.98065677077483
18.98065677077483
18.98065677077483
18.98065677077483
15.95541860239339
15.95541860239339
15.95541860239339
15.95541860239339
15.95541860239339
15.95541860239339
15.95541860239339
15.95541860239339
16.45701770195804
16.45701770195804
16.45701770195804
16.45701770195804
16.45701770195804
16.45701770195804
16.45701770195804
16.45701770195804
14.84916211008852
14.84916211008852
14.84916211008852
14.84916211008852
14.84916211008852
14.84916211008852
14.84916211008852
14.84916211008852
17.81904457423917
17.81904457423917
17.81904457423917
17.81904457423917
17.81904457423917
17.81904457423917
17.81904457423917
17.81904457423917
20.76101093376464
20.76101093376464
20.76101093376464
20.76101093376464
20.76101093376464
20.76101093376464
20.76101093376464
20.76101093376464
27.99765575543564
27.99765575543564
27.99765575543564
27.99765575543564
27.99765575543564
27.99765575543564
27.99765575543564
27.99765575543564
23.79933668338075
23.79933668338075
23.79933668338075
23.79933668338075
23.79933668338075
23.79933668338075
23.79933668338075
23.79933668338075
25.38537722933498
25.38537722933498
25.38537722933498
25.38537722933498
25.38537722933498
25.38537722933498
25.38537722933498
25.38537722933498
20.10858002255016
20.10858002255016
20.10858002255016
20.10858002255016
20.10858002255016
20.10858002255016
20.10858002255016
20.10858002255016
22.74096632263594
22.74096632263594
22.74096632263594
22.74096632263594
22.74096632263594
22.74096632263594
22.74096632263594
22.74096632263594
18.30347717383482
18.30347717383482
18.30347717383482
18.30347717383482
18.30347717383482
18.30347717383482
18.30347717383482
18.30347717383482
20.21127271426728
20.21127271426728
20.21127271426728
20.21127271426728
20.21127271426728
20.21127271426728
20.21127271426728
20.21127271426728
 19.3945455822029
 19.3945455822029
 19.3945455822029
 19.3945455822029
 19.3945455822029
 19.3945455822029
 19.3945455822029
 19.3945455822029
17.66289753911836
17.66289753911836
17.66289753911836
17.66289753911836
17.66289753911836
17.66289753911836
17.66289753911836
17.66289753911836
17.66463967510482
17.66463967510482
17.66463967510482
17.66463967510482
17.66463967510482
17.66463967510482
17.66463967510482
17.66463967510482
15.65629922198028
15.65629922198028
15.65629922198028
15.65629922198028
15.65629922198028
15.65629922198028
15.65629922198028
15.65629922198028
20.83815503959328
20.83815503959328
20.83815503959328
20.83815503959328
20.83815503959328
20.83815503959328
20.83815503959328
20.83815503959328
11.91064714274741
11.91064714274741
11.91064714274741
11.91064714274741
11.91064714274741
11.91064714274741
11.91064714274741
11.91064714274741
13.56733438387629
13.56733438387629
13.56733438387629
13.56733438387629
13.56733438387629
13.56733438387629
13.56733438387629
13.56733438387629
14.61227562558566
14.61227562558566
14.61227562558566
14.61227562558566
14.61227562558566
14.61227562558566
14.61227562558566
14.61227562558566
14.00022072652536
14.00022072652536
14.00022072652536
14.00022072652536
14.00022072652536
14.00022072652536
14.00022072652536
14.00022072652536
13.12018283276974
13.12018283276974
13.12018283276974
13.12018283276974
13.12018283276974
13.12018283276974
13.12018283276974
13.12018283276974
14.62174306750349
14.62174306750349
14.62174306750349
14.62174306750349
14.62174306750349
14.62174306750349
14.62174306750349
14.62174306750349
12.84671870612329
12.84671870612329
12.84671870612329
12.84671870612329
12.84671870612329
12.84671870612329
12.84671870612329
12.84671870612329
15.39883390191757
15.39883390191757
15.39883390191757
15.39883390191757
15.39883390191757
15.39883390191757
15.39883390191757
15.39883390191757
13.00801158264606
13.00801158264606
13.00801158264606
13.00801158264606
13.00801158264606
13.00801158264606
13.00801158264606
13.00801158264606
13.97801350173338
13.97801350173338
13.97801350173338
13.97801350173338
13.97801350173338
13.97801350173338
13.97801350173338
13.97801350173338
12.30215604212718
12.30215604212718
12.30215604212718
12.30215604212718
12.30215604212718
12.30215604212718
12.30215604212718
12.30215604212718
 11.9937399539407
 11.9937399539407
 11.9937399539407
 11.9937399539407
 11.9937399539407
 11.9937399539407
 11.9937399539407
 11.9937399539407
12.01595063489592
12.01595063489592
12.01595063489592
12.01595063489592
12.01595063489592
12.01595063489592
12.01595063489592
12.01595063489592
11.56159325889387
11.56159325889387
11.56159325889387
11.56159325889387
11.56159325889387
11.56159325889387
11.56159325889387
11.56159325889387
11.89393204160242
11.89393204160242
11.89393204160242
11.89393204160242
11.89393204160242
11.89393204160242
11.89393204160242
11.89393204160242
13.23165030869604
13.23165030869604
13.23165030869604
13.23165030869604
13.23165030869604
13.23165030869604
13.23165030869604
13.23165030869604
18.34950745136058
18.34950745136058
18.34950745136058
18.34950745136058
18.34950745136058
18.34950745136058
18.34950745136058
18.34950745136058
15.88378564402599
15.88378564402599
15.88378564402599
15.88378564402599
15.88378564402599
15.88378564402599
15.88378564402599
15.88378564402599
 18.0052474756256
 18.0052474756256
 18.0052474756256
 18.0052474756256
 18.0052474756256
 18.0052474756256
 18.0052474756256
 18.0052474756256
 18.0014980815245
 18.0014980815245
 18.0014980815245
 18.0014980815245
 18.0014980815245
 18.0014980815245
 18.0014980815245
 18.0014980815245
24.30235491921525
24.30235491921525
24.30235491921525
24.30235491921525
24.30235491921525
24.30235491921525
24.30235491921525
24.30235491921525
21.12357979741175
21.12357979741175
21.12357979741175
21.12357979741175
21.12357979741175
21.12357979741175
21.12357979741175
21.12357979741175
23.48686321804971
23.48686321804971
23.48686321804971
23.48686321804971
23.48686321804971
23.48686321804971
23.48686321804971
23.48686321804971
24.25107688254548
24.25107688254548
24.25107688254548
24.25107688254548
24.25107688254548
24.25107688254548
24.25107688254548
24.25107688254548
24.30057659194159
24.30057659194159
24.30057659194159
24.30057659194159
24.30057659194159
24.30057659194159
24.30057659194159
24.30057659194159
27.39176957303076
27.39176957303076
27.39176957303076
27.39176957303076
27.39176957303076
27.39176957303076
27.39176957303076
27.39176957303076
23.29908140581071
23.29908140581071
23.29908140581071
23.29908140581071
23.29908140581071
23.29908140581071
23.29908140581071
23.29908140581071
13.74905717916441
13.74905717916441
13.74905717916441
13.74905717916441
13.74905717916441
13.74905717916441
13.74905717916441
13.74905717916441
21.59899849658996
21.59899849658996
21.59899849658996
21.59899849658996
21.59899849658996
21.59899849658996
21.59899849658996
21.59899849658996
13.88237729724657
13.88237729724657
13.88237729724657
13.88237729724657
13.88237729724657
13.88237729724657
13.88237729724657
13.88237729724657
20.20363361076145
20.20363361076145
20.20363361076145
20.20363361076145
20.20363361076145
20.20363361076145
20.20363361076145
20.20363361076145
15.17081064069101
15.17081064069101
15.17081064069101
15.17081064069101
15.17081064069101
15.17081064069101
15.17081064069101
15.17081064069101
19.03651910313835
19.03651910313835
19.03651910313835
19.03651910313835
19.03651910313835
19.03651910313835
19.03651910313835
19.03651910313835
12.17602176795233
12.17602176795233
12.17602176795233
12.17602176795233
12.17602176795233
12.17602176795233
12.17602176795233
12.17602176795233
18.37262414614361
18.37262414614361
18.37262414614361
18.37262414614361
18.37262414614361
18.37262414614361
18.37262414614361
18.37262414614361
13.87542079044033
13.87542079044033
13.87542079044033
13.87542079044033
13.87542079044033
13.87542079044033
13.87542079044033
13.87542079044033
16.83135443051082
16.83135443051082
16.83135443051082
16.83135443051082
16.83135443051082
16.83135443051082
16.83135443051082
16.83135443051082
22.96286841949575
22.96286841949575
22.96286841949575
22.96286841949575
22.96286841949575
22.96286841949575
22.96286841949575
22.96286841949575
15.82791143268228
15.82791143268228
15.82791143268228
15.82791143268228
15.82791143268228
15.82791143268228
15.82791143268228
15.82791143268228
25.30119629088226
25.30119629088226
25.30119629088226
25.30119629088226
25.30119629088226
25.30119629088226
25.30119629088226
25.30119629088226
17.49384927844914
17.49384927844914
17.49384927844914
17.49384927844914
17.49384927844914
17.49384927844914
17.49384927844914
17.49384927844914
28.12314470360327
28.12314470360327
28.12314470360327
28.12314470360327
28.12314470360327
28.12314470360327
28.12314470360327
28.12314470360327
21.34929947782502
21.34929947782502
21.34929947782502
21.34929947782502
21.34929947782502
21.34929947782502
21.34929947782502
21.34929947782502
31.70687639726622
31.70687639726622
31.70687639726622
31.70687639726622
31.70687639726622
31.70687639726622
31.70687639726622
31.70687639726622
15.39906601909337
15.39906601909337
15.39906601909337
15.39906601909337
15.39906601909337
15.39906601909337
15.39906601909337
15.39906601909337
12.84245901891551
12.84245901891551
12.84245901891551
12.84245901891551
12.84245901891551
12.84245901891551
12.84245901891551
12.84245901891551
14.62236934707304
14.62236934707304
14.62236934707304
14.62236934707304
14.62236934707304
14.62236934707304
14.62236934707304
14.62236934707304
13.13866063943962
13.13866063943962
13.13866063943962
13.13866063943962
13.13866063943962
13.13866063943962
13.13866063943962
13.13866063943962
14.00034539437994
14.00034539437994
14.00034539437994
14.00034539437994
14.00034539437994
14.00034539437994
14.00034539437994
14.00034539437994
 14.5939189570145
 14.5939189570145
 14.5939189570145
 14.5939189570145
 14.5939189570145
 14.5939189570145
 14.5939189570145
 14.5939189570145
13.56812519600236
13.56812519600236
13.56812519600236
13.56812519600236
13.56812519600236
13.56812519600236
13.56812519600236
13.56812519600236
11.91314508379913
11.91314508379913
11.91314508379913
11.91314508379913
11.91314508379913
11.91314508379913
11.91314508379913
11.91314508379913
13.40858822846002
13.40858822846002
13.40858822846002
13.40858822846002
13.40858822846002
13.40858822846002
13.40858822846002
13.40858822846002
13.93787217997321
13.93787217997321
13.93787217997321
13.93787217997321
13.93787217997321
13.93787217997321
13.93787217997321
13.93787217997321
19.38977519245058
19.38977519245058
19.38977519245058
19.38977519245058
19.38977519245058
19.38977519245058
19.38977519245058
19.38977519245058
20.21265794544225
20.21265794544225
20.21265794544225
20.21265794544225
20.21265794544225
20.21265794544225
20.21265794544225
20.21265794544225
18.31151951023138
18.31151951023138
18.31151951023138
18.31151951023138
18.31151951023138
18.31151951023138
18.31151951023138
18.31151951023138
22.74404798897325
22.74404798897325
22.74404798897325
22.74404798897325
22.74404798897325
22.74404798897325
22.74404798897325
22.74404798897325
20.07964246740831
20.07964246740831
20.07964246740831
20.07964246740831
20.07964246740831
20.07964246740831
20.07964246740831
20.07964246740831
25.38566012415607
25.38566012415607
25.38566012415607
25.38566012415607
25.38566012415607
25.38566012415607
25.38566012415607
25.38566012415607
23.82922030705322
23.82922030705322
23.82922030705322
23.82922030705322
23.82922030705322
23.82922030705322
23.82922030705322
23.82922030705322
27.99987532803787
27.99987532803787
27.99987532803787
27.99987532803787
27.99987532803787
27.99987532803787
27.99987532803787
27.99987532803787
15.49502721520691
15.49502721520691
15.49502721520691
15.49502721520691
15.49502721520691
15.49502721520691
15.49502721520691
15.49502721520691
14.83038264075043
14.83038264075043
14.83038264075043
14.83038264075043
14.83038264075043
14.83038264075043
14.83038264075043
14.83038264075043
16.45961069649778
16.45961069649778
16.45961069649778
16.45961069649778
16.45961069649778
16.45961069649778
16.45961069649778
16.45961069649778
14.76045686133642
14.76045686133642
14.76045686133642
14.76045686133642
14.76045686133642
14.76045686133642
14.76045686133642
14.76045686133642
12.42119112441328
12.42119112441328
12.42119112441328
12.42119112441328
12.42119112441328
12.42119112441328
12.42119112441328
12.42119112441328
14.26514706186128
14.26514706186128
14.26514706186128
14.26514706186128
14.26514706186128
14.26514706186128
14.26514706186128
14.26514706186128
11.79890281264878
11.79890281264878
11.79890281264878
11.79890281264878
11.79890281264878
11.79890281264878
11.79890281264878
11.79890281264878
 13.3481531834914
 13.3481531834914
 13.3481531834914
 13.3481531834914
 13.3481531834914
 13.3481531834914
 13.3481531834914
 13.3481531834914
21.07596231359231
21.07596231359231
21.07596231359231
21.07596231359231
21.07596231359231
21.07596231359231
21.07596231359231
21.07596231359231
21.17335198290259
21.17335198290259
21.17335198290259
21.17335198290259
21.17335198290259
21.17335198290259
21.17335198290259
21.17335198290259
24.01422937632734
24.01422937632734
24.01422937632734
24.01422937632734
24.01422937632734
24.01422937632734
24.01422937632734
24.01422937632734
20.37980124099112
20.37980124099112
20.37980124099112
20.37980124099112
20.37980124099112
20.37980124099112
20.37980124099112
20.37980124099112
 27.2374635513622
 27.2374635513622
 27.2374635513622
 27.2374635513622
 27.2374635513622
 27.2374635513622
 27.2374635513622
 27.2374635513622
21.18261078207933
21.18261078207933
21.18261078207933
21.18261078207933
21.18261078207933
21.18261078207933
21.18261078207933
21.18261078207933
 27.3997619054979
 27.3997619054979
 27.3997619054979
 27.3997619054979
 27.3997619054979
 27.3997619054979
 27.3997619054979
 27.3997619054979
24.31441624100768
24.31441624100768
24.31441624100768
24.31441624100768
24.31441624100768
24.31441624100768
24.31441624100768
24.31441624100768
24.25696201145958
24.25696201145958
24.25696201145958
24.25696201145958
24.25696201145958
24.25696201145958
24.25696201145958
24.25696201145958
23.45929104821443
23.45929104821443
23.45929104821443
23.45929104821443
23.45929104821443
23.45929104821443
23.45929104821443
23.45929104821443
21.13183588964448
21.13183588964448
21.13183588964448
21.13183588964448
21.13183588964448
21.13183588964448
21.13183588964448
21.13183588964448
24.33472541333456
24.33472541333456
24.33472541333456
24.33472541333456
24.33472541333456
24.33472541333456
24.33472541333456
24.33472541333456
13.23376844133088
13.23376844133088
13.23376844133088
13.23376844133088
13.23376844133088
13.23376844133088
13.23376844133088
13.23376844133088
11.89679344487237
11.89679344487237
11.89679344487237
11.89679344487237
11.89679344487237
11.89679344487237
11.89679344487237
11.89679344487237
11.55638697696337
11.55638697696337
11.55638697696337
11.55638697696337
11.55638697696337
11.55638697696337
11.55638697696337
11.55638697696337
12.01903726196732
12.01903726196732
12.01903726196732
12.01903726196732
12.01903726196732
12.01903726196732
12.01903726196732
12.01903726196732
12.01127905972239
12.01127905972239
12.01127905972239
12.01127905972239
12.01127905972239
12.01127905972239
12.01127905972239
12.01127905972239
12.30572420844223
12.30572420844223
12.30572420844223
12.30572420844223
12.30572420844223
12.30572420844223
12.30572420844223
12.30572420844223
13.96051715562548
13.96051715562548
13.96051715562548
13.96051715562548
13.96051715562548
13.96051715562548
13.96051715562548
13.96051715562548
13.01061441971529
13.01061441971529
13.01061441971529
13.01061441971529
13.01061441971529
13.01061441971529
13.01061441971529
13.01061441971529
13.73932410626291
13.73932410626291
13.73932410626291
13.73932410626291
13.73932410626291
13.73932410626291
13.73932410626291
13.73932410626291
12.08745860188238
12.08745860188238
12.08745860188238
12.08745860188238
12.08745860188238
12.08745860188238
12.08745860188238
12.08745860188238
  14.237099808189
  14.237099808189
  14.237099808189
  14.237099808189
  14.237099808189
  14.237099808189
  14.237099808189
  14.237099808189
13.36693094389586
13.36693094389586
13.36693094389586
13.36693094389586
13.36693094389586
13.36693094389586
13.36693094389586
13.36693094389586
12.62062756231201
12.62062756231201
12.62062756231201
12.62062756231201
12.62062756231201
12.62062756231201
12.62062756231201
12.62062756231201
14.30314858256684
14.30314858256684
14.30314858256684
14.30314858256684
14.30314858256684
14.30314858256684
14.30314858256684
14.30314858256684
22.38576341036298
22.38576341036298
22.38576341036298
22.38576341036298
22.38576341036298
22.38576341036298
22.38576341036298
22.38576341036298
 22.3907130825626
 22.3907130825626
 22.3907130825626
 22.3907130825626
 22.3907130825626
 22.3907130825626
 22.3907130825626
 22.3907130825626
24.84202444302793
24.84202444302793
24.84202444302793
24.84202444302793
24.84202444302793
24.84202444302793
24.84202444302793
24.84202444302793
20.64479385856334
20.64479385856334
20.64479385856334
20.64479385856334
20.64479385856334
20.64479385856334
20.64479385856334
20.64479385856334
26.56546649868281
26.56546649868281
26.56546649868281
26.56546649868281
26.56546649868281
26.56546649868281
26.56546649868281
26.56546649868281
21.64597274551822
21.64597274551822
21.64597274551822
21.64597274551822
21.64597274551822
21.64597274551822
21.64597274551822
21.64597274551822
26.94957728989147
26.94957728989147
26.94957728989147
26.94957728989147
26.94957728989147
26.94957728989147
26.94957728989147
26.94957728989147
23.90051989395693
23.90051989395693
23.90051989395693
23.90051989395693
23.90051989395693
23.90051989395693
23.90051989395693
23.90051989395693
 14.2385634469618
 14.2385634469618
 14.2385634469618
 14.2385634469618
 14.2385634469618
 14.2385634469618
 14.2385634469618
 14.2385634469618
12.08351583763042
12.08351583763042
12.08351583763042
12.08351583763042
12.08351583763042
12.08351583763042
12.08351583763042
12.08351583763042
13.74150276677034
13.74150276677034
13.74150276677034
13.74150276677034
13.74150276677034
13.74150276677034
13.74150276677034
13.74150276677034
12.63830403472203
12.63830403472203
12.63830403472203
12.63830403472203
12.63830403472203
12.63830403472203
12.63830403472203
12.63830403472203
13.36868640173855
13.36868640173855
13.36868640173855
13.36868640173855
13.36868640173855
13.36868640173855
13.36868640173855
13.36868640173855
14.28539185840467
14.28539185840467
14.28539185840467
14.28539185840467
14.28539185840467
14.28539185840467
14.28539185840467
14.28539185840467
20.65451331105758
20.65451331105758
20.65451331105758
20.65451331105758
20.65451331105758
20.65451331105758
20.65451331105758
20.65451331105758
24.84891640124602
24.84891640124602
24.84891640124602
24.84891640124602
24.84891640124602
24.84891640124602
24.84891640124602
24.84891640124602
21.61552379062169
21.61552379062169
21.61552379062169
21.61552379062169
21.61552379062169
21.61552379062169
21.61552379062169
21.61552379062169
26.57107098088952
26.57107098088952
26.57107098088952
26.57107098088952
26.57107098088952
26.57107098088952
26.57107098088952
26.57107098088952
23.93186952823746
23.93186952823746
23.93186952823746
23.93186952823746
23.93186952823746
23.93186952823746
23.93186952823746
23.93186952823746
26.95685425816167
26.95685425816167
26.95685425816167
26.95685425816167
26.95685425816167
26.95685425816167
26.95685425816167
26.95685425816167
23.74811404339492
23.74811404339492
23.74811404339492
23.74811404339492
23.74811404339492
23.74811404339492
23.74811404339492
23.74811404339492
23.75955327494092
23.75955327494092
23.75955327494092
23.75955327494092
23.75955327494092
23.75955327494092
23.75955327494092
23.75955327494092
26.19412359677557
26.19412359677557
26.19412359677557
26.19412359677557
26.19412359677557
26.19412359677557
26.19412359677557
26.19412359677557
26.20574347505847
26.20574347505847
26.20574347505847
26.20574347505847
26.20574347505847
26.20574347505847
26.20574347505847
26.20574347505847
28.02795580249975
28.02795580249975
28.02795580249975
28.02795580249975
28.02795580249975
28.02795580249975
28.02795580249975
28.02795580249975
28.26299161205625
28.26299161205625
28.26299161205625
28.26299161205625
28.26299161205625
28.26299161205625
28.26299161205625
28.26299161205625
26.66758631382138
26.66758631382138
26.66758631382138
26.66758631382138
26.66758631382138
26.66758631382138
26.66758631382138
26.66758631382138
34.63940648848777
34.63940648848777
34.63940648848777
34.63940648848777
34.63940648848777
34.63940648848777
34.63940648848777
34.63940648848777
32.00235534064834
32.00235534064834
32.00235534064834
32.00235534064834
32.00235534064834
32.00235534064834
32.00235534064834
32.00235534064834
34.68061676534421
34.68061676534421
34.68061676534421
34.68061676534421
34.68061676534421
34.68061676534421
34.68061676534421
34.68061676534421
 32.0439973182453
 32.0439973182453
 32.0439973182453
 32.0439973182453
 32.0439973182453
 32.0439973182453
 32.0439973182453
 32.0439973182453
26.65589894174843
26.65589894174843
26.65589894174843
26.65589894174843
26.65589894174843
26.65589894174843
26.65589894174843
26.65589894174843
27.98865385941055
27.98865385941055
27.98865385941055
27.98865385941055
27.98865385941055
27.98865385941055
27.98865385941055
27.98865385941055
28.22425448030268
28.22425448030268
28.22425448030268
28.22425448030268
28.22425448030268
28.22425448030268
28.22425448030268
28.22425448030268
20.60049285527363
20.60049285527363
20.60049285527363
20.60049285527363
20.60049285527363
20.60049285527363
20.60049285527363
20.60049285527363
21.82207149621413
21.82207149621413
21.82207149621413
21.82207149621413
21.82207149621413
21.82207149621413
21.82207149621413
21.82207149621413
22.40605306202111
22.40605306202111
22.40605306202111
22.40605306202111
22.40605306202111
22.40605306202111
22.40605306202111
22.40605306202111
17.86562588916699
17.86562588916699
17.86562588916699
17.86562588916699
17.86562588916699
17.86562588916699
17.86562588916699
17.86562588916699
20.01087743803156
20.01087743803156
20.01087743803156
20.01087743803156
20.01087743803156
20.01087743803156
20.01087743803156
20.01087743803156
20.02255511989948
20.02255511989948
20.02255511989948
20.02255511989948
20.02255511989948
20.02255511989948
20.02255511989948
20.02255511989948
16.82269105558112
16.82269105558112
16.82269105558112
16.82269105558112
16.82269105558112
16.82269105558112
16.82269105558112
16.82269105558112
 19.9973672706099
 19.9973672706099
 19.9973672706099
 19.9973672706099
 19.9973672706099
 19.9973672706099
 19.9973672706099
 19.9973672706099
16.84489126211965
16.84489126211965
16.84489126211965
16.84489126211965
16.84489126211965
16.84489126211965
16.84489126211965
16.84489126211965
17.84114889177115
17.84114889177115
17.84114889177115
17.84114889177115
17.84114889177115
17.84114889177115
17.84114889177115
17.84114889177115
19.98377909085605
19.98377909085605
19.98377909085605
19.98377909085605
19.98377909085605
19.98377909085605
19.98377909085605
19.98377909085605
22.37478452037539
22.37478452037539
22.37478452037539
22.37478452037539
22.37478452037539
22.37478452037539
22.37478452037539
22.37478452037539
20.61060624878581
20.61060624878581
20.61060624878581
20.61060624878581
20.61060624878581
20.61060624878581
20.61060624878581
20.61060624878581
21.83287291415328
21.83287291415328
21.83287291415328
21.83287291415328
21.83287291415328
21.83287291415328
21.83287291415328
21.83287291415328
11.53656685871759
11.53656685871759
11.53656685871759
11.53656685871759
11.53656685871759
11.53656685871759
11.53656685871759
11.53656685871759
12.28822990284115
12.28822990284115
12.28822990284115
12.28822990284115
12.28822990284115
12.28822990284115
12.28822990284115
12.28822990284115
11.69179110261777
11.69179110261777
11.69179110261777
11.69179110261777
11.69179110261777
11.69179110261777
11.69179110261777
11.69179110261777
 14.1553954877824
 14.1553954877824
 14.1553954877824
 14.1553954877824
 14.1553954877824
 14.1553954877824
 14.1553954877824
 14.1553954877824
21.82931351524785
21.82931351524785
21.82931351524785
21.82931351524785
21.82931351524785
21.82931351524785
21.82931351524785
21.82931351524785
21.81734315234392
21.81734315234392
21.81734315234392
21.81734315234392
21.81734315234392
21.81734315234392
21.81734315234392
21.81734315234392
 21.4428602220843
 21.4428602220843
 21.4428602220843
 21.4428602220843
 21.4428602220843
 21.4428602220843
 21.4428602220843
 21.4428602220843
26.74900747214163
26.74900747214163
26.74900747214163
26.74900747214163
26.74900747214163
26.74900747214163
26.74900747214163
26.74900747214163
28.52301277311136
28.52301277311136
28.52301277311136
28.52301277311136
28.52301277311136
28.52301277311136
28.52301277311136
28.52301277311136
 26.7874993225854
 26.7874993225854
 26.7874993225854
 26.7874993225854
 26.7874993225854
 26.7874993225854
 26.7874993225854
 26.7874993225854
13.87889893706615
13.87889893706615
13.87889893706615
13.87889893706615
13.87889893706615
13.87889893706615
13.87889893706615
13.87889893706615
11.97766211986714
11.97766211986714
11.97766211986714
11.97766211986714
11.97766211986714
11.97766211986714
11.97766211986714
11.97766211986714
21.41579265481974
21.41579265481974
21.41579265481974
21.41579265481974
21.41579265481974
21.41579265481974
21.41579265481974
21.41579265481974
28.55594912066184
28.55594912066184
28.55594912066184
28.55594912066184
28.55594912066184
28.55594912066184
28.55594912066184
28.55594912066184
11.68689668519152
11.68689668519152
11.68689668519152
11.68689668519152
11.68689668519152
11.68689668519152
11.68689668519152
11.68689668519152
 12.3037593362258
 12.3037593362258
 12.3037593362258
 12.3037593362258
 12.3037593362258
 12.3037593362258
 12.3037593362258
 12.3037593362258
11.53095150672792
11.53095150672792
11.53095150672792
11.53095150672792
11.53095150672792
11.53095150672792
11.53095150672792
11.53095150672792
 14.1384409486693
 14.1384409486693
 14.1384409486693
 14.1384409486693
 14.1384409486693
 14.1384409486693
 14.1384409486693
 14.1384409486693
11.99461860648994
11.99461860648994
11.99461860648994
11.99461860648994
11.99461860648994
11.99461860648994
11.99461860648994
11.99461860648994
13.86436404403133
13.86436404403133
13.86436404403133
13.86436404403133
13.86436404403133
13.86436404403133
13.86436404403133
13.86436404403133
22.83223147642504
15.55061771220623
20.97424431486728
15.39198074517722
14.56275118049749
13.75372368157769
15.33049660228648
13.75372368157769
23.28858188794694
17.93566613622567
20.97424431486728
17.48197320250492
18.95485286453086
15.39198074517722
13.95663494662958
13.85670681384996
18.95485286453086
17.48197320250492
17.14992035922937
12.94414724777136
 13.5418095176899
12.17354831987218
17.14992035922937
14.12151313095206
16.01744079086681
12.94414724777136
13.39876034844396
12.17354831987218
16.01744079086681
14.12151313095206
15.18759191002809
14.23514779841251
13.54655856687457
13.77344384581219
15.10684619526972
15.10427463659703
14.95361470998927
14.95850604620339
14.10402604414483
15.07800898704467
14.23719176877139
15.19242732912139
15.07300673179904
14.10528000907867
15.65629922198028
15.65801768835445
13.77545614205869
13.54777958881106
15.56358888832561
14.10528000907867
17.66289753911836
15.65801768835445
13.81877058608062
13.54777958881106
 16.4089849152673
13.52049948909765
20.21127271426728
 15.8214236032621
14.12583214321487
12.38912998148666
17.44423511399645
13.52049948909765
22.74096632263594
 15.8214236032621
14.59919688490294
12.38912998148666
18.76037035740489
 14.6502912303634
25.38537722933498
17.41983365030984
15.30742115598546
 13.2221414583353
 20.4894295504638
17.61050858941195
27.91349429706234
21.09233475712028
 16.2567285625694
15.77538282794818
17.92913610209477
23.29494023059898
17.50416161333589
20.98138291093821
20.40488069051911
23.83259578698462
21.12603610061761
26.99950943130688
15.54489081659679
22.83035903852238
15.41117948282125
20.98138291093821
17.50416161333589
18.95911000420104
20.40488069051911
20.94555176607742
15.41117948282125
18.95911000420104
14.12469666063084
17.15584123275314
15.88745692316841
 18.0014980815245
 12.9465970967492
17.15584123275314
14.12469666063084
16.02271051717629
15.88745692316841
15.88378564402599
 12.9465970967492
16.02271051717629
13.54655856687457
13.81653260498919
13.25491769716994
11.91064714274741
14.10402604414483
15.56865068246931
12.39415506449649
14.12320134767228
11.80394437002869
11.89393204160242
13.52626783947376
16.41400730295471
12.39415506449649
14.59650258703561
11.80394437002869
12.01595063489592
13.52626783947376
17.44988134224986
13.20400771538184
15.30353735833961
12.36774576889196
12.30215604212718
14.63049360800607
18.76435562886687
15.79357090315742
16.25413498905734
14.70319644295931
13.00801158264606
17.63148275269605
20.49590058407597
26.56691096308942
23.57598731977232
25.38537722933498
 20.0023975020375
22.74096632263594
18.30347717383482
20.21127271426728
18.30347717383482
17.66289753911836
17.66463967510482
15.65629922198028
17.66463967510482
13.13341165870768
11.91064714274741
13.25926246829714
13.10409670767289
13.61888098840143
12.84671870612329
  14.237099808189
12.84671870612329
13.85979621104991
13.00801158264606
11.96831956011442
12.30215604212718
11.56159325889387
12.01595063489592
11.56159325889387
11.89393204160242
 18.0052474756256
15.88378564402599
 18.0052474756256
 18.0014980815245
23.48686321804971
21.11310756027444
23.48686321804971
24.22646034751249
24.25271109935972
  27.368695447047
13.74905717916441
15.33080116190916
13.74905717916441
14.56344430227468
13.87453493735939
 13.9568300387747
12.17602176795233
13.54265306349792
12.17602176795233
13.39967249788801
15.82791143268228
20.21265794544225
15.82791143268228
22.74404798897325
 17.3958529345805
25.38566012415607
21.11674379881064
27.91595767098164
12.84245901891551
 14.2385634469618
12.84245901891551
  13.620643585501
13.12123701470291
13.26058434909086
11.91314508379913
13.13509894342691
11.91314508379913
13.25702080873595
18.31151951023138
20.21265794544225
18.31151951023138
22.74404798897325
 19.9756352346332
25.38566012415607
23.60253883220499
26.57327515808187
12.30572420844223
 12.3845859296036
13.01061441971529
14.68651224597708
12.01903726196732
11.79890281264878
11.89679344487237
11.79890281264878
20.95119116952987
20.37980124099112
23.83540672565321
20.37980124099112
27.00517639469071
21.13538669142708
27.37655099309747
24.26411475907867
24.23216464170627
23.45929104821443
21.12120972963774
23.45929104821443
11.89679344487237
11.55638697696337
12.01903726196732
11.55638697696337
12.30572420844223
11.98452070191304
13.01061441971529
13.84428207011298
11.69179110261777
12.08745860188238
  14.237099808189
12.08745860188238
11.53656685871759
12.58926468228673
20.65451331105758
20.64479385856334
21.80498875875208
20.64479385856334
21.72410268925345
21.58707986981499
20.44424973425674
23.76443518665446
12.08351583763042
 14.2385634469618
12.08351583763042
11.68689668519152
12.60566943489311
11.53095150672792
20.65451331105758
21.79531474468159
21.55899376241204
21.71553066926222
23.79228860083596
20.43600955680512
23.74811404339492
26.20574347505847
23.74811404339492
23.75955327494092
26.19412359677557
23.75955327494092
26.19412359677557
26.20574347505847
27.77620040490535
26.66758631382138
28.14129349351033
26.66758631382138
26.65589894174843
27.73988323679469
26.65589894174843
28.10551853881773
22.34780244983279
  17.804276781309
21.41579265481974
20.01087743803156
20.02027417701457
16.82269105558112
19.98377909085605
20.01087743803156
16.84489126211965
16.82269105558112
16.84489126211965
19.99816198634058
17.78254550179165
22.31996544400532
19.98377909085605
 21.4428602220843
11.53656685871759
12.28822990284115
11.69179110261777
12.28822990284115
21.41579265481974
 21.4428602220843
26.77975812371264
26.74421799224044
11.95171533979952
13.78614935501091
 12.3037593362258
11.68689668519152
 12.3037593362258
11.53095150672792
13.77267934782021
11.96734407120982
