 1.00376e-07
-5.46379e-07
 -2.7434e-08
-4.01738e-07
-2.29675e-07
-1.88478e-07
 6.12829e-07
-4.20065e-07
-2.52099e-07
 1.07588e-07
 1.40269e-06
 1.60919e-07
 3.92998e-07
-8.01515e-07
-2.92706e-07
-1.13549e-07
      108918
 6.53808e-07
-5.79284e-07
 2.61742e-07
 -3.5679e-07
-8.12157e-07
-2.63984e-07
     97816.1
 6.48597e-07
-5.42124e-07
-3.45639e-07
-1.26766e-07
 4.12087e-07
 -7.5221e-07
 5.20907e-07
  3.7962e-07
 3.27491e-08
 1.02005e-06
 4.67986e-07
-4.65347e-07
-1.95472e-07
 2.56177e-07
-2.23587e-07
 4.65472e-07
 1.43758e-07
 3.06617e-07
 9.65751e-08
-1.12093e-07
-5.58754e-07
 -4.0063e-07
 3.34786e-07
-1.30673e-06
-6.98383e-07
 4.99125e-07
-3.49535e-07
 1.39877e-06
  -3.762e-07
 8.27233e-07
-3.86273e-07
-1.20117e-06
 3.14436e-07
-4.87608e-07
-3.10229e-07
-6.08904e-07
 4.92417e-07
 1.16867e-06
-1.83339e-06
 8.50674e-07
-9.20254e-07
 -5.0426e-08
-1.81324e-07
-3.86339e-07
 3.42952e-07
-5.52127e-08
 5.38522e-07
-3.87939e-07
     43193.6
 2.80917e-07
-8.98422e-07
-3.57587e-07
 8.77273e-07
 1.10947e-06
-2.26103e-07
-3.34598e-07
 1.17573e-06
 -9.1453e-07
-2.95225e-07
 3.43499e-07
     78368.8
-9.70454e-07
 1.90741e-07
  1.5243e-07
 8.06693e-07
 -3.4086e-07
 5.62173e-07
-1.21901e-07
-6.24723e-07
-5.25823e-07
 -3.5766e-07
 5.75124e-07
 1.62627e-07
 7.58119e-07
 5.42141e-07
 -1.2542e-06
 5.64219e-08
-4.14511e-08
-1.56603e-07
 5.67809e-07
-2.19669e-07
-1.46047e-07
  4.5601e-07
 1.05271e-06
-8.52597e-07
 9.58543e-07
 5.32542e-07
-2.35353e-07
-2.13309e-07
-2.27702e-07
-8.31442e-08
-1.35227e-07
-2.93289e-07
 1.78655e-06
 7.30088e-07
 1.19342e-07
-3.75076e-08
 2.20015e-07
 1.33241e-08
  4.1765e-07
-4.59196e-07
-5.84459e-08
-1.64919e-08
 1.40696e-07
 2.23283e-07
-7.28425e-07
-4.04521e-07
-9.80658e-07
-1.73556e-07
-1.43484e-07
-1.07904e-07
-2.80102e-08
-5.06055e-07
 6.78653e-07
 2.60966e-07
 -8.8703e-08
 5.67925e-08
-2.46134e-07
 -5.5184e-07
  2.8839e-07
 1.26162e-06
     10713.6
 -5.7306e-07
-6.16506e-07
 4.93461e-07
 7.71147e-08
 1.07649e-06
-2.02419e-07
  2.4084e-07
 8.20025e-07
 5.48452e-07
 1.26498e-06
-5.26182e-07