 3.41123e-08
-4.00181e-08
 8.80538e-07
 5.37182e-07
 1.32459e-08
 3.31568e-07
-3.26415e-07
 8.18667e-07
 1.16298e-07
-4.77691e-08
 1.18376e-07
-3.55709e-07
-1.35909e-07
-6.48824e-07
 2.60085e-07
 9.38547e-07
     89737.8
 4.10391e-07
 4.06931e-07
-5.78793e-07
-4.42632e-07
-1.55916e-07
 2.01935e-07
     89759.5
 5.61731e-07
 9.83748e-07
-9.13875e-07
 7.95443e-08
-5.60595e-07
-9.60526e-07
-7.96743e-07
 7.26826e-08
  7.8486e-08
 4.67773e-07
  2.8834e-07
 6.91163e-07
-1.80526e-07
-3.03319e-07
 2.09253e-07
-5.12161e-07
-5.93859e-07
 4.41446e-08
 -3.0853e-08
-1.20626e-08
-3.50981e-07
 6.66034e-07
-4.68485e-07
   5.433e-07
 8.88149e-07
 7.17868e-07
 6.12499e-08
-5.17363e-07
   5.723e-07
-6.22878e-07
-2.64339e-07
-2.79121e-07
-1.86667e-07
 1.12284e-06
 5.45346e-07
 2.61763e-07
 8.49255e-07
 5.06043e-08
-6.08738e-07
-1.70236e-06
-8.37025e-07
 6.88975e-07
  3.6171e-08
-1.42048e-06
-3.11666e-08
 1.42486e-08
-5.75168e-08
  1.8761e-07
 1.08245e-06
 1.16869e-07
  8.5129e-07
-3.76024e-07
 3.40872e-07
-5.30353e-07
 1.01404e-07
-5.59525e-07
-1.15291e-07
-8.43035e-07
-6.73475e-07
-3.08077e-07
     72289.3
-8.77412e-09
 -5.1616e-07
-3.27564e-08
-4.86977e-07
 7.72802e-07
-4.29479e-07
 2.91667e-07
 7.54841e-07
 6.05068e-07
 5.97959e-07
 3.56945e-07
 2.87476e-07
 1.08729e-07
 1.87902e-09
 6.86127e-07
-1.38132e-06
 7.29588e-08
 1.66103e-07
   5.763e-08
-1.70931e-07
 2.46497e-07
-2.97558e-07
-1.65418e-06
-1.35118e-07
-1.59522e-06
 3.28223e-08
 1.47478e-07
 2.16253e-07
 2.67816e-07
 2.56612e-07
-1.40058e-07
-1.56995e-06
 1.28738e-06
 3.79041e-07
-2.94628e-07
 -8.4199e-07
 2.87643e-07
 2.04596e-07
     62712.9
 -1.4717e-07
-2.76354e-07
-3.03379e-07
-1.99609e-07
-2.01482e-06
 1.88687e-07
-4.64023e-07
-1.91313e-07
 4.62483e-07
 5.16593e-10
-7.00487e-08
-1.60442e-07
 7.67673e-08
-9.83327e-09
-1.85139e-07
 1.05836e-07
-1.53934e-07
-2.30085e-07
-2.58668e-07
 3.96976e-07
 2.39999e-07
-5.43543e-07
-3.90974e-08
 2.14624e-07
-1.79539e-07
 9.56828e-07
-4.12931e-07
 3.15334e-07
-1.64436e-07
 6.23549e-07
-2.51272e-07
-5.33928e-07
 3.06315e-07