 3.02321e-07
 1.16498e-07
-3.18552e-07
 3.95845e-07
 -1.4031e-07
-4.56419e-07
 7.38263e-07
-9.40889e-07
 3.01034e-08
 8.10451e-08
 5.29095e-07
 4.24084e-07
-8.77753e-07
-1.15129e-06
 -3.1745e-07
-9.39485e-07
      113202
 4.65496e-07
-2.26498e-07
-4.19914e-07
-1.01464e-06
-5.80359e-07
 4.93616e-07
      113396
 6.30904e-07
 3.38932e-08
 3.52693e-07
-3.83936e-07
 5.73282e-07
 3.90764e-07
 4.06703e-07
 4.81959e-08
 2.06373e-07
-4.82102e-07
 5.63556e-07
-2.76554e-07
-1.33304e-07
 2.72566e-07
 4.86363e-07
-1.45464e-07
-2.46943e-07
 4.23579e-08
-2.24929e-07
 5.89953e-08
-3.54952e-08
 4.56796e-07
 8.83983e-08
 1.37697e-07
-2.94754e-07
 7.13701e-07
 -9.5287e-07
 -2.8314e-07
-2.56623e-08
 6.10355e-07
-8.50237e-07
-1.41022e-06
-8.20705e-07
 7.87299e-07
 2.30492e-07
-3.43241e-07
-2.96844e-08
 6.24061e-07
  2.4604e-07
-4.83759e-08
-6.23175e-07
-5.52721e-07
 6.03367e-07
 5.50244e-09
 1.63422e-07
 4.55618e-07
-1.31641e-07
 1.72766e-07
-3.18596e-09
-6.47765e-08
-3.45172e-07
-8.82615e-07
 4.89183e-07
 1.56963e-06
-2.13204e-07
-1.55023e-07
 9.50667e-07
-1.78835e-06
-2.19792e-08
 7.84385e-08
     78179.3
 5.20788e-07
 9.44374e-08
-2.59296e-07
-2.81031e-08
 1.17884e-06
 7.99328e-07
 2.20434e-07
 8.85808e-07
-3.98202e-07
  5.4155e-07
-4.25282e-07
-1.03097e-07
 7.38237e-08
-2.67863e-07
   1.022e-06
-2.34579e-07
 3.99264e-07
-5.63283e-07
-4.12708e-07
-2.23222e-08
  9.8963e-08
 -8.7749e-07
 3.04296e-07
  -3.491e-07
-1.46676e-06
 7.20368e-08
 3.26632e-08
-1.04754e-07
-2.50611e-07
-1.94756e-07
-1.88797e-07
-3.47289e-07
  -3.815e-07
 -7.5961e-09
-7.31424e-07
-2.18308e-06
 1.93304e-07
-5.47304e-07
-1.18861e-06
   7.431e-08
 3.83539e-07
 4.85557e-07
-8.17339e-09
 2.77543e-07
 9.32806e-07
-6.54288e-07
-4.10937e-07
 -1.8452e-07
 2.29335e-07
 6.27299e-08
 4.15267e-07
-2.31954e-08
 1.76373e-07
 1.60936e-07
-1.62119e-07
 7.68632e-08
 1.16665e-07
 5.14348e-07
-7.00284e-07
 1.59161e-07
       20151
-2.16869e-07
-3.57792e-07
 -7.2489e-07
-1.47059e-06
 1.36409e-06
-6.76497e-07
-2.08056e-07
-3.73675e-07
-5.45423e-07
 8.10841e-07
-1.21616e-07