-1.23807e-07
-8.72494e-08
 5.62446e-07
 2.15416e-06
 1.77803e-07
-1.71663e-07
-1.18781e-07
 5.44482e-07
-8.67403e-08
 7.23061e-07
 2.16504e-07
 1.22731e-07
-1.33087e-07
 4.80541e-08
 6.97992e-08
-1.38306e-07
 5.92616e-07
 2.59379e-08
-3.10838e-08
 1.15275e-07
 6.65547e-07
-7.37119e-07
 8.97762e-08
 1.10496e-07
-4.37019e-07
-5.63532e-08
 4.09974e-07
 1.35206e-07
 1.18278e-07
-5.89052e-07
-3.56902e-07
  3.0564e-07
 4.54387e-07
-5.81519e-07
 7.68348e-08
-1.76535e-07
-3.09741e-07
-4.18922e-07
 -8.6311e-10
-1.38481e-07
-4.42995e-07
 1.27352e-07
 3.40333e-09
 3.19378e-08
 7.08325e-07
 1.37276e-07
 4.47105e-07
 3.88171e-07
-2.36891e-08
-2.39565e-07
 -8.9532e-07
 4.39572e-07
 1.01446e-07
-5.22344e-07
-4.81136e-07
      101914
 3.94051e-07
 1.71518e-06
-1.28024e-06
 2.86709e-08
 4.53776e-07
 6.27017e-07
-3.88765e-07
-6.65121e-07
 6.86226e-07
 3.44557e-07
  5.0904e-07
  9.9307e-07
-4.98638e-07
  1.0031e-07
-2.87835e-07
-9.85542e-08
     77388.6
 2.26465e-07
 1.18377e-07
 3.31738e-07
 4.75295e-07
 1.01872e-06
-5.41353e-07
 1.71047e-09
 4.99331e-07
 1.07369e-06
 8.16715e-07
 1.73031e-08
     89063.9
 2.79449e-07
-7.70096e-08
 1.01241e-07
 1.89624e-07
 3.49073e-07
 -1.2576e-07
 -2.6756e-07
 1.22557e-06
-7.27963e-07
 1.16524e-07
-4.73367e-07
-4.83973e-07
 3.34808e-07
 3.71646e-07
-3.18613e-07
 3.50733e-07
     88637.7
-3.06988e-07
 4.23366e-07
-1.29222e-07
-6.87697e-08
 8.71059e-07
-2.89587e-07
-6.54085e-07
-6.50918e-07
 7.80237e-08
  4.7005e-09
 7.94486e-08
-1.22932e-07
 -7.7911e-07
-2.82169e-07
-1.10927e-06
 5.43855e-07
-1.48792e-07
 3.42766e-07
  1.0326e-06
-1.54635e-07
 3.32847e-07
-4.58463e-07
 2.67878e-07
 9.88757e-08
-2.61691e-07
-6.19116e-07
 1.00415e-06
 1.00557e-06
 5.38296e-08
 2.66761e-07
 3.46055e-07
 4.29359e-07
     9896.82
-2.34249e-08
 3.72095e-07
-2.56259e-07
 4.75641e-07
 3.23635e-07
-3.55214e-07
-3.77094e-08
-7.44149e-09
-4.34744e-07
 3.91767e-07
     12434.8
 3.96947e-07
 9.46338e-08
-5.56005e-07
-3.42589e-07
-5.08246e-07
 2.43627e-08
-3.22341e-07
-1.00942e-07
 1.51712e-07
 7.15206e-07
-4.58509e-07