139.9555594098560505
190.5723722000376483
123.7835131341991826
205.4900832878253993
209.5972369915224931
161.4209952260310672
188.7681988338055703
138.5278267065949649
178.1058343474971934
 124.710361324649682
157.3377588225443162
170.5936757807777724
146.3933296881846786
167.6437234876879927
134.5358005709941551
163.2371207311041417
154.3492832330643409
116.4973252299422768
161.6937792110722114
109.5619348788496694
127.0936181785685335
144.1569671178012584
128.1163301857125703
158.3202701801712351
123.9609946123096904
135.9384717293732763
136.6883271902528065
134.6265544158305545
159.6646956245494664
135.7020808834020045
136.7318459620924784
134.5825323899034061
159.6642828871937922
 169.420872663635663
169.4214452332392966
158.3193596714191926
135.6570605861913634
126.9475200817080633
183.3248262943288012
140.9221591951900905
 121.930016299299524
140.0722999949305176
  131.57358403234457
202.0261888054547796
150.4237928215835041
123.1977302630408246
147.6808642374056717
121.6844954018788201
222.5105007159467618
142.3928124293589406
111.5021698333799236
156.9981160259680451
131.8526210732705692
 247.101908326277254
156.7785028527885345
118.9992731250177087
168.8433332166440266
158.4945773047075193
277.8724521756635113
189.8310128140824986
141.9784454515335881
184.4048659541742552
161.3622249188529736
214.4933620828615517
190.1343249055585147
242.9955848817619426
209.6544620753907964
139.9040173493711166
188.8324461984438756
157.5374545200230045
188.5099658946968191
183.6439262146720068
138.7006153453912987
 170.631990037809345
163.0602212487297606
 164.353046545057822
187.3119158002428151
146.2315254841990679
 154.402571094778267
127.1222699456775729
 148.609806415255747
142.9871123085157478
116.5193738707428537
144.2043946545865651
135.9616157574274666
 148.633489074924114
128.1347259189425358
121.9190271018711513
124.3487934449026966
120.5888431359956456
126.9362343973034939
140.1178561422237863
123.1743512077199796
  127.10881212905052
119.2942592745294377
131.5495840590463104
147.7260657265924237
111.5473955804684465
131.3685232833204566
106.2354993302581931
121.7364105552638449
157.0489320802487896
 118.836069438436553
137.7318362250565258
111.3097119200276524
131.6744424720546363
168.8792006598018816
142.1421381284167751
146.2872149015160801
132.3287679866338067
 158.683344774264441
184.4631052566837468
251.2214486735610421
 212.183885877950928
228.4683950640148566
180.0215775183374944
204.6686969037235144
164.7312945645134334
181.9014544284055148
173.1404230820930081
158.9660778520652684
 158.981757075943392
140.9066929978225176
183.3218854955333086
107.1958242847266973
121.8762856592091453
129.4055769298954033
125.6097145196662552
117.9368703690560523
131.0647606244774011
115.6204683551096224
137.9744694205782878
117.0721042438145219
124.7381658994492284
110.7194043791446205
107.7148760410297541
 108.143555714063254
104.0543393300448543
107.0453883744217762
118.2007049283690918
164.3736435283121295
 142.954070796233907
 162.047227280630409
162.0134827337204797
 215.164894700559671
190.0179680424699598
211.3817689624474383
218.0381431276123863
218.2743998942374617
246.3182590234230247
205.4732313467014251
123.7415146124796763
190.5644015793261019
124.8708144362344825
178.0870389075794549
134.3917634781839467
167.6413999732323248
109.5841959115709585
161.6921846766810233
123.9791052785281806
150.3929407714178694
202.0162799801644269
142.4512028941404935
 222.506534992669657
156.5626764112245155
247.0601655053376646
  190.05069418929574
277.8609403056585734
137.9772104571824514
115.5821311702395917
131.0709987204721472
118.0911331323261777
125.6114703489723468
129.2685427053669969
121.8838775714813067
107.2183057541921443
120.5970524809921045
124.3689352747255583
 173.105410064279539
181.9139215089802235
164.8036755920824419
204.6964319007592792
179.7807171116988059
228.4709411174046636
212.4228494898449071
 251.243619038834737
137.7667904038691233
132.1786102137937746
146.3105570631246337
131.3927719641264957
111.4612733664324224
127.1324892889338258
106.1901253138389905
119.3131872786235732
188.5607205257688008
187.5186093057292851
214.5186605308789467
183.4182111689200667
243.0465875522164367
190.2184802228437661
246.3889589378772769
 218.377032831707993
218.0894817753564041
211.1336194339298515
190.0908875667396671
215.4081978715459513
118.2158904908421704
107.0711410038513236
104.0074827926703023
108.1713353577058854
107.8606863172173433
110.7515178759800847
124.5985386310168224
117.0955297774376334
122.5699288956129038
 108.787127416941388
128.1338982737010497
119.3333622146742385
113.3033821405806094
126.6667870224793262
199.5190002955662578
199.5544305625035975
221.0091730849174496
185.8031447270700767
236.0784719487567145
194.2837188283349121
239.1021986678048279
213.8799166798901865
128.1470710226561778
108.7516425386737495
122.5857922695089997
113.4510249140380154
119.3452591418177633
126.5343663071201377
185.8906197995182765
221.0610125767955481
194.0309438617083799
236.1191632438252554
214.1305974075236804
239.1594764227368728
213.7330263905542722
213.8359794744682461
235.7471123709800906
235.8516912755262354
249.9858036441481772
253.2716414415929478
240.0082768243924249
304.6916276069035234
282.2055717927949559
304.9992234646745146
282.5179679891274418
239.9030904757358371
249.6589491311522409
 252.949666849359545
183.9240860112460894
195.4397760233599683
201.1302220484951135
160.2384910317809954
180.0978969422840521
180.1824675931311788
151.4042195002300843
179.9834578770652342
151.6040213590768246
 160.042909516124837
179.8540118177044178
200.8796889960478893
183.9982476083106633
195.5169242032810359
103.8291017284583546
110.5940691255703285
105.2261199235599776
125.3952541711277604
196.2448988287687257
196.1578327021343284
192.9857419987587264
240.6979619301639843
252.1345861115660512
241.0178231134137263
124.0753441950982108
107.5654380581956815
192.7421338933776269
252.3762557415521428
105.1820701667237188
110.7338340260322127
103.7785635605512482
125.2689258884509513
107.7060966408884184
123.9541141303818961