254.8314579523770931
157.9042526860012572
243.6838097592568033
145.9044090958561526
149.6971187060034367
263.1062943683060098
158.7784153166460897
275.1774611170343405
171.6548235797673954
262.1026647626205204
287.2574982495669929
171.3278779381053027
296.1451644466943094
 185.477030913283869
282.9213399017823463
307.4201531640824214
183.0534766452127258
261.5348260470321407
  194.82989496589596
252.5494513789737425
269.5972401062805375
191.4118024899403281
 251.705147443611736
201.2316309158892409
245.5149234184364104
256.1862958357501725
196.3685961621259821
235.1500279186152227
204.1789199347843464
232.6325882258311992
237.7711780709948073
199.5820179336935212
209.6350771521858292
210.0787230275386435
204.0895276787578609
213.7732170381451056
203.8825629669479156
217.9559941943643651
217.6210975989041003
210.4163280204787441
219.9317331321932727
205.8639497871353399
206.0175312266583489
 219.595857013675726
204.0406242531423686
203.1587481338292207
203.0082025813438236
243.2566993308213625
214.8420336532582269
248.0333342298395678
234.7675243462098251
194.4941407459706397
 234.533480632909658
205.0071712014739376
244.4334636544854504
221.5600336676587574
181.5971759723662728
225.2383675289103735
191.3018223644826037
239.2689284995798573
209.2282776583106454
165.9524469485479585
198.8361532306695381
149.9160090369427394
178.0413494135008534
127.9249795380669212
129.0669523258200684
216.5619509836114105
147.6676125173210607
215.0225277970026241
173.9574478260277033
191.8882892233869768
233.1794579939495975
166.4574123165052981
230.9596070692003025
201.0701667633090324
203.9882117949357792
251.0150279356907106
186.7822788412983073
217.5453350266426753
217.4013058730509158
201.2097387877259962
230.3165034122164627
200.2141051896896897
200.2244912296198436
230.1323329911818121
186.8312793775050977
 217.293704473199341
217.2832458395629089
193.6465508423530082
242.4616691094921634
180.3943286013281977
211.4281224576235729
234.7622240740202813
187.7308768415059035
252.2941859805698357
177.3006648792622286
 198.570314175479723
245.4770886174027851
195.1264889382441368
261.2945647347070803
185.7572203814817726
201.5510484965989235
251.6891352131410144
191.5577729043671127
269.3606347399912124
183.1953007899277566
196.5205425730232776
256.1749877193540783
244.2776617083388828
276.7392794609157249
 236.578035859688157
247.4820857077462506
  258.86054148436682
 252.745805612846965
278.2839257778410911
251.0338677350344483
252.1136400945406706
257.9882976252212643
259.3526297497842847
274.3986079044030362
263.4093638045982857
255.6139923568000825
254.0994365019780901
 130.807166227846011
141.1644295615163855
141.0955717639496072
 130.874412742675247
127.2283780317581261
157.5286454665229883
144.5041140185006725
125.6909695520598973
147.3992973403077826
131.6849252089586741
231.2227241451587361
147.0931491997623652
134.3821096432779427
 147.637256280340381
149.7902073344332052
254.7128268301629817
158.8970723275831745
263.0130130528496579
146.0955433547129587
243.5366148948015166
158.1254071128084036
134.0989151916918729
231.0949617728681176
147.3339262991790974
131.5693743626351591
216.4462970433273199
146.9662357681062872
129.0726668987223036
198.7232452857441842
147.6713902766738329
127.9893921471992684
177.9314510215978942
149.9759541453487088
125.5969254488850169
157.4557025432669377
147.2631164181620704
127.2899712797113665
144.5599580711621854
274.5807962900791495
259.1043816808588076
278.5205753072647212
263.2203338624102003
254.0819212322977023
255.3550043641228058
257.9789878848795865
229.1347684549039911
 248.769179029087951
235.7561491039782311
198.7210354597485491
239.0504743411802338
208.2795698582987995
191.6038907373300333
 225.018512207945264
205.3141028537972943
166.0668967805277418
209.0143931321214552
181.7096386872394476
180.9595391143423626
188.4294432074651411
201.3313377181701185
162.9689256561672437
 169.912226217049863
181.6227925891005839
156.5511653945908108
 156.399043159139211
170.0673668540248968
163.0460554805894731
188.6105238738473702
181.7233433973103445
181.0799028855766437
201.4799609714902147
  199.09021056391407
249.0203853386969683
208.6791444634826007
229.3250945112929458
235.9542127371926483
251.1954624012108184
318.6587873011606575
244.2391810361866078
325.7128009273666862
252.8950526658269951
276.9891466948794232
236.7204554407532839
 225.192611156244908
244.4347642315846372
177.6448568594722133
 268.062288793867765
162.0856850311148492
188.1057305006150955
242.6874570510349258
180.5290168186428446
162.8965270415213524
193.8244859518401029
204.1526795539486159
173.0704525092903623
173.2375052309842545
231.1692895500212046
174.0440471663852975
191.8031350835678381
166.7788430050201498
214.9629765840400921
252.2416051293660928
258.8704709582204941
249.6726702230524211
238.4251563315665976
244.5575896046535433
213.3415248559772124
 234.641212164146566
215.1688103910865379
 221.652187662963712
194.6275846417090918
202.5302932956173834
220.3853887350969103
202.4337967906572828
210.0291603055010512
302.0497026122426973
 248.368332892888219
166.8349137252525338
247.6365775744303619
248.6349676798372457
248.1880627863337736
243.4059032364217501
234.9073295755597144
220.5303154506793533
251.2414336153095462
166.4858063479907457
268.2747183574242058
 162.774822112786012
283.1080256019031935
 161.766820718587411
296.3587489776137431
171.9044257144634287
307.6463325546577039
 171.454007982908422
318.8725284581820461
225.0612404514826892
325.8498778234956035
244.1606769407763409
249.5556098340578899
213.7469980811446817
238.6136434188666442
302.0001729751919015
209.9230853785224156
287.2407179178139813
275.1571231538422921
262.0568264971872168
248.3373576413666228
233.1431828751188391
248.4823895544764412
214.1808009692419148
237.9600754106456861
 199.734456590364772
210.0387964710755853
235.3419500083317075
232.8227380514685763
204.5034480019403702
227.1269168706915309
204.2067144161857186
211.6285187250552724
226.9268264786809652
234.7929648676727084
204.4826878917529882
204.5986272586690404
198.9524676215432635