-8.99503e-13
-7.10265e-13
-6.86118e-13
 6.30329e-13
 4.85336e-11
-5.67545e-11
 6.95916e-11
-1.71561e-11
 1.89715e-12
-4.17233e-11
     16.9421
 1.54412e-11
 1.05436e-11
 6.95666e-13
-8.40661e-13
 1.16661e-11
-3.80638e-11
 8.91043e-12
-4.32712e-12
-3.93174e-12
-2.00134e-12
 3.10291e-12
-6.00853e-13
 4.74354e-12
-2.77833e-12
 1.75258e-12
 -6.5653e-13
-2.33413e-12
 2.54086e-12
 7.79821e-13
-5.12028e-13
  7.9764e-13
-1.18174e-12
-9.51565e-13
-1.33593e-12
-9.89697e-12
-2.83717e-12
-2.97184e-12
-1.89049e-12
 4.74742e-12
 2.31504e-11
 5.51648e-12
-7.95619e-12
-1.68694e-11
-4.91485e-12
 -6.2759e-12
-8.16108e-12
-2.14717e-12
-2.78321e-11
 2.29858e-11
-3.26644e-11
 6.45262e-11
-3.98104e-11
 9.32314e-12
-9.75708e-12
 3.40494e-12
-6.34724e-11
-5.46156e-11
-1.45661e-11
 5.67451e-11
 2.54862e-11
 5.37947e-11
     24.4822
-1.11266e-10
-2.09752e-11
-1.54858e-11
 4.86837e-11
 2.19016e-11
 3.02013e-11
 7.58768e-12
-2.99091e-11
-1.42419e-11
-6.22613e-12
-1.29963e-12
-1.52636e-11
 3.30719e-11
 1.04354e-11
 7.49945e-12
-2.44524e-12
-9.78863e-12
-2.38223e-11
 1.18627e-12
 1.66052e-12
-3.42837e-13
-1.62864e-12
 3.39551e-12
 5.64548e-13
-4.20597e-12
-1.92912e-12
-2.59049e-12
-2.33313e-13
 -8.5274e-12
 6.10872e-13
-5.60163e-12
 9.83982e-12
 6.20415e-12
 3.65707e-13
 2.75158e-12
 1.70131e-12
-1.20857e-11
 5.13302e-11
 6.69444e-11
 1.29874e-11
 3.36851e-11
 -2.3654e-11
 1.25605e-11
-3.05956e-12
 1.40044e-12
     20.6271
-2.15594e-12
-1.75071e-12
 1.78945e-12
 2.05164e-11
 2.92685e-11
 2.88392e-12
  3.5016e-12
 3.85392e-12
-3.74112e-12
-4.25615e-11
 8.95621e-11
-1.00182e-10
-2.00041e-11
 2.73559e-11
 2.37543e-12
-3.86746e-12
-6.98053e-13
  2.6823e-13
 1.10573e-12
-4.41081e-12
 1.69154e-12
-6.02132e-11
 2.74947e-12
 2.46358e-13
 2.98772e-12
-5.15337e-11
-2.16767e-11
 5.51642e-12
-3.97971e-12
-7.13651e-13
 3.25995e-12
 -1.5834e-12
-3.53095e-12
-1.21403e-12
-1.58476e-11
-2.98939e-12
 1.13696e-11
 2.44324e-13
 3.09388e-11
 5.06961e-12
-3.66413e-12
 2.74936e-12
  1.0137e-11
-1.90836e-12
 5.19584e-12
 5.88485e-12
-2.82377e-13
 2.65787e-13
 5.47278e-11
 1.01728e-10
 8.80086e-13
 -1.9745e-11
 1.13422e-10
 9.95553e-12
 2.85372e-12
 4.80282e-13
 1.22902e-13
-2.38598e-11
 4.43712e-11
-7.57149e-11
 7.26086e-13
-2.67009e-13
 1.22802e-12
-1.51634e-12
 3.77048e-12
 5.98244e-13
 3.04073e-12
 4.25984e-12
-2.61116e-11
-2.64243e-11
-3.09037e-11
 -6.9386e-11
 4.70575e-11
-4.96295e-12
 4.06108e-12
-1.19482e-11
 2.79038e-12
 4.73055e-12
-6.90348e-12
     31.6136
-1.06245e-12
 2.71339e-13
 3.26184e-12
 1.54884e-14
 2.46025e-13
-5.62772e-13
-1.02558e-12
 1.04983e-12
 2.66565e-12
-2.85327e-12
 4.47453e-12
 1.58872e-11
     31.6395
-2.45581e-13
 1.66089e-13
-7.39409e-13
 1.08604e-11
  4.4218e-12
 2.51963e-11
-3.09175e-12
-4.29612e-12
 2.50671e-11
  2.3471e-11
 5.32328e-11
 1.31042e-11
-8.70177e-12
 9.55347e-14
 1.74993e-12
 2.07862e-12
-8.54945e-11
-9.24271e-11
-3.06422e-12
-9.91829e-12
 2.67272e-11
 1.45928e-12
 3.03579e-12
 1.74349e-12
-1.23895e-12
-9.47242e-13
 1.78924e-12
-4.03699e-12
-8.18989e-12
-7.85239e-12
-4.68649e-11
 3.24885e-12
 1.61571e-12
-9.89844e-13
 2.71427e-12
 -6.4917e-12
 1.54099e-12
 3.37324e-11
 1.84741e-11
 4.46851e-11
  3.8014e-13
 -2.9778e-11
 6.54299e-11
-2.86082e-12
-3.20532e-12
 9.51461e-12
 8.22487e-12
 4.04698e-12
 2.16716e-12
-5.26246e-13
 6.03254e-12
 2.60258e-12
-4.22873e-12
-2.23921e-12
 9.07607e-13
 7.18481e-13
 7.71161e-12
-2.82041e-12
-4.37927e-12
 3.46034e-12
 1.15717e-11
-2.75078e-11
 4.07674e-11
 1.97153e-12
-2.07327e-11
     16.9443
 2.19067e-11
-5.04177e-11
 -6.7856e-11
 1.32072e-12
  1.0047e-12
-7.08091e-11
 -1.3495e-11
 -3.3166e-12
-5.61586e-11
 2.40412e-11
-4.73532e-12
 2.24711e-11
     20.6341
 2.70642e-11
 1.80641e-11
 1.12105e-11
 8.83738e-13
 3.48432e-12
 5.57443e-12
-1.55824e-11
-9.53679e-12
-7.14051e-12
 7.22222e-12
-5.48006e-12
 1.62106e-13
 3.44214e-12
 4.15801e-12
-3.44891e-12
 3.40356e-12
-8.29825e-12
 2.78977e-12
-1.32578e-11
-1.12503e-11
  3.3987e-12
-7.59304e-12
 3.99236e-12
 3.44547e-12
 1.65398e-11
 3.59375e-11
 4.70886e-11
-3.84626e-11
 1.55254e-12
-3.73923e-12
-2.01942e-11
     24.4718
-1.34701e-11
 3.92007e-11
 2.68887e-11
 6.99085e-12
-6.90775e-12
   2.511e-12
 1.07891e-12
 2.04796e-11
-1.76197e-11
-4.36529e-11
-7.10103e-13
 1.68059e-11
 2.10636e-13
-4.18083e-12
 2.08528e-12
 2.23456e-12