102.2209285867655666
105.8804885317282753
103.2143003125159453
106.6431721181568264
106.1647666693474008
111.3359896228849379
100.7912976090235162
111.9767431654654644
119.9789929866472988
125.9382936116975458
 132.289598350080837
126.8625657293607532
116.8243984483379023
153.6158580829729203
147.3036115765057446
160.1128557535497237
152.6609234498965293
134.3565794768359467
192.9790372866216615
 180.173968033012784
 181.781163098138137
181.7685880260400211
152.6732211366416152
227.9618512640034567
226.3522734721579184
226.3684942680845893
 227.957207413746147
180.1850259946501467
292.5297849940291144
292.5123296610215107
291.9670382311462618
284.8528029128088406
235.1920060466737255
292.0200502466140051
292.6566991741011066
293.1121326050409266
279.6070704248448919
298.6137599575947661
225.0672255796610841
224.6555892527840683
231.1576865114839734
224.8430607152772609
286.3883603045933341
 186.305802266017821
179.8938366875224233
181.8217089213898134
133.0399340323656077
131.4059831999407493
68.53611968703729929
69.00428471664680785
84.02002835671608238
84.48050263131823101
84.47477317267831154
84.01261482502857803
69.00182568607837652
68.53360370929259204
119.5209702346069349
119.5262014456465494
117.2434640532812864
115.2804497549585818
85.99024279762242884
169.7135668536077446
 172.049652470343915
165.4225560819861869
158.2775135331766307
122.6852323461553311
206.3410555469079384
 213.128011831753696
203.9852629901247099
203.3429965473385721
159.6354551415435878
 205.351979811842142
214.6853673156157072
224.3487741898727563
179.9451178045760855
170.9476052564244526
73.94100950795686344
73.16861659863731404
63.85033307652583545
63.06059251382686881
78.62536389725548247
96.75425308537163005
101.4700441034174503
95.78439145339221739
95.77166993694383734
73.17966415807778446
138.1317574430267712
143.7924055624982316
143.8367947275592087
138.1300855986052341
101.5046161051917721
189.9667413217631804
 189.922576265043034
185.4598587384178359
186.2780568163295811
137.4099797796059761
220.5326655563257248
224.9962372150916678
224.6274719888316156
231.1087683861213691
 179.887155784691771
 292.636667302211265
293.0494691598887584
 279.629667671668301
286.3577949444746196
224.8489199808398666
284.8964994639051724
298.5711786699989148
311.6315299220281645
238.1669236655858128
225.7652715880473693
101.2563702498967473
137.4363200818605719
185.5126677190130522
220.6130590251154899
292.1007439703470254
292.0855332291396849
235.2707424422584666
190.1880767952746965
189.7817234730357825
153.9913303044551753
115.4860039457002756
113.8816389042779349
139.7606999255779385
138.0382584362549778
106.3253278157416304
110.8301849966847641
105.6441513792445761
101.5571987147296653
113.7380274359379939
108.7802673617311058
134.3451469580584785
 113.748949748366087
160.1157498216675776
126.8595980358579567
192.9887498172933817
147.3113995265203471
238.1608318283861365
190.1293514883131195
311.6144039858853603
225.8093926653610595
189.7700794298519895
153.9569203328086644
153.6209179915864809
125.9560646874385696
 132.301903079805669
111.3175168107444222
116.8228695930865797
 105.665234387416092
108.7905977300411422
 111.468479379403405
111.4801818550131429
113.9089505368198161
123.8153508642502914
 133.387926900699739
146.3552583341530635
173.2702340821812754
179.9474382057373418
170.9495978501514628
214.6701733326429178
224.3488149446133093
203.3521725176819359
203.9815248045685792
158.2957673136073993
 159.632127406387184
205.3442917959207534
213.1139064877634155
174.4624956941943026
204.0212339327800635
139.0307647677673515
168.8030913637579999
113.9056645675354957
139.0345636243199863
101.5475302372287842
123.8087777565473857
100.8056966728742054
106.3260598683282012
106.1491392241021146
105.8937239632994363
119.9824315228747054
111.9764873188601939
165.4258637128359624
115.2945372485255149
122.6846738862634396
206.3374662101088859
172.0415495541997188
 203.700824498962362
206.5910437449163908
168.8017381538880386
203.7045690410624843
133.3844635869343733
174.4687252816689806
110.8104628181634865
146.3638951940464494
103.2204433991979329
113.8582282028106647
102.2303323621159876
106.6544015981549904
117.2438524696189432
85.98716038171133391
169.7093497722313771
206.5877362285445145
204.0191314687385216
173.2633558931112532
139.7615754367842271
115.4766547824592635
138.0305299452485031
181.8500092538808985
131.4081965581917189
 133.076055093460127
101.2287134141900253
96.78844539913417577
78.64653168900598246
73.96152611687224976
63.06654755169202531
63.86335821408719937