 1.16348e-05
 2.70922e+06
-4.52843e-06
 3.94585e-06
 5.38597e+06
-1.57998e-05
 2.24827e-05
 2.32747e-05
-5.96049e-06
  5.4689e-06
 2.51466e-06
 -6.6737e-06
 5.59194e-06
-3.15065e-05
-5.59784e-05
 2.03458e-05
-4.42674e-06
 4.54041e-06
 8.77492e-06
 5.42417e-06
-1.84281e-05
 4.76809e-06
 3.12837e-05
  3.4059e-06
 -1.7719e-05
-3.51393e-05
-1.73395e-05
-2.06414e-05
 2.31773e-05
-6.72464e-05
 3.86137e-05
-2.58721e-06
-8.77271e-06
 2.98342e-05
 4.85636e-05
-3.69245e-06
-6.26262e-06
 2.68363e-05
 -2.4368e-05
-8.97222e-06
  4.1935e-05
-1.44603e-07
-3.53362e-05
-1.08134e-05
-1.06024e-05
-5.38141e-06
 3.73608e-05
-1.68559e-05
 1.97305e-05
 2.54626e-05
 6.00107e-05
-2.17021e-05
  8.2781e-05
 5.61709e-05
 6.43387e+06
 -1.4281e-05
-3.66126e-06
 5.62135e-06
 -2.0669e-06
 1.33356e-05
  4.4138e-06
-2.15741e-05
-5.61563e-06
 2.86116e-05
-7.57423e-05
-3.31015e-06
 5.65053e-05
 8.47646e-06
-2.41583e-05
-4.82292e-06
 3.94066e-05
-2.96505e-05
-6.82053e-05
 7.15144e-05
-3.64998e-05
 3.43775e-06
 4.26006e-05
 4.20039e-05
-2.16207e-05
 1.19611e-05
-1.86105e-05
 5.67069e-06
 9.94233e-06
 2.31259e-06
-1.69746e-05
 6.90727e-06
 1.30946e-05
 -1.6295e-05
-5.41789e-05
 8.38612e-06
-0.000102149
 7.52229e-06
 8.49519e-08
-3.81898e-05
-1.15929e-05
-5.20301e-06
 2.13825e-05
 9.55817e-06
-3.19298e-06
 2.19825e-05
 1.63928e+07
 4.70448e-05
 1.55647e-06
-3.46984e-05
-5.39096e-06
 2.38501e-05
-1.04879e-06
 0.000132339
 2.10069e-05
 6.79063e-05
 0.000156116
 3.99736e-05
 0.000108942
 6.08526e-06
-4.09938e-05
 3.50357e-05
 7.05055e-05
 -0.00010046
-6.32149e-05
-1.02953e-05
  -9.386e-05
  6.2039e+06
-4.08767e-05
 3.37744e-05
-7.98143e-07
-0.000154774
-2.40913e-05
 5.83238e-06
 3.58954e-05
-4.44998e-06
-1.24147e-05
  6.2359e-06
-2.30054e-05
 -1.9996e-05
 1.18023e-05
 2.95282e-05
 0.000193722
-6.28491e-06
 4.01343e-05
-1.56369e-06
 2.83954e-05
  -1.751e-06
 1.17782e-05
 2.34337e-05
 2.00787e-05
-7.40209e-06
 1.90327e-06
-7.31394e-06
  3.4895e-05
 8.75432e-06
  1.7079e+07
 4.39811e-05
 2.04412e-05
 2.72518e-05
 0.000115993
 3.81969e-05
-6.08494e-05
-3.09705e-05
 2.66439e-05
 5.93786e-06
 1.54203e-05
-2.26398e-05
 8.79285e-07
-3.99363e-06
-1.05423e-05
-3.28161e-05
 3.93379e-06
-3.27618e-05
 0.000110489
 1.22184e-05
   3.415e-05
-2.00238e-05
 1.03976e+07
-5.62164e-06
 1.53775e+07
 1.12001e-05
-9.02556e-06
 3.29626e-05
 0.000103456
 -2.6335e-05
 4.66618e+06
 -1.4792e-05
 -2.2676e-05
 6.83442e-05
-1.76397e-05
 -7.1679e-06
 2.72674e-06
 2.07855e-05
 9.97714e-06
-1.09914e-05
 -5.6807e-05
 0.000135185
 -0.00011642
-0.000139235
-0.000118373
-1.15014e-06
  1.1436e-05
 2.03291e-05
 1.20653e-05
 3.41007e-05
-0.000116162
 1.95609e-05
-0.000108098
-0.000218251
-1.43952e-05
-7.02678e-05
-1.39237e-06
 8.28717e-05
  3.8374e-05
 0.000132789
-0.000103995
 2.39653e-05
 1.49671e+07
-3.36356e-05
-1.51568e-05
 -4.5394e-05
 7.80991e-05
-4.47673e-05
-3.93735e-05
-2.41818e-05
-0.000159065
 0.000125806
-5.60924e-05
 4.30219e-05
-2.84112e-07
-6.60572e-05
-1.89182e-05
 4.67032e+06
-6.24311e-05
-7.64784e-05
 0.000116654
 1.81419e-05
 4.99909e-05
-5.66831e-05
 5.52595e-05
 5.07606e-05
-4.91546e-06