-6.93648e-06
 1.98917e+06
 8.60265e-06
 5.52711e-07
 7.91602e+06
 1.07904e-05
 2.91658e-05
-1.56387e-05
-4.38597e-07
 1.33174e-05
 4.25381e-07
-4.38327e-06
 4.07033e-05
  1.4065e-05
 2.18469e-05
 9.10256e-06
 -1.2753e-05
 1.37679e-05
 2.28663e-06
 9.58392e-06
 1.31141e-05
-1.07093e-05
 2.80148e-06
 9.77177e-06
-3.22284e-06
-1.84724e-05
 6.24182e-05
 7.03893e-06
 2.29217e-05
-4.70523e-05
-1.78838e-05
 4.85769e-05
-1.14205e-05
-5.21727e-05
 2.98999e-05
-1.32998e-05
-3.85684e-05
  2.8236e-05
-2.96902e-05
-5.44904e-06
-6.10383e-06
 1.56566e-05
 -6.0969e-06
 4.50994e-07
 1.66984e-05
-4.56354e-08
 -1.0596e-05
-1.67972e-05
 2.87488e-05
 7.70208e-06
-1.12221e-06
 7.75559e-06
 1.86218e-05
-2.25445e-05
-8.18749e-06
 7.82544e-06
 2.44007e-07
 4.98015e-07
 1.54733e-06
  1.1477e-05
-1.93918e-05
 8.88894e-06
 -4.1358e-06
 3.61549e-05
 8.51776e-05
 2.45881e-05
  0.00010326
 1.19313e-05
-9.93864e-05
 -3.7844e-05
-3.33502e-05
 1.65595e-06
-6.62357e-06
-2.72416e-05
 4.56799e-05
 7.18934e-06
 1.39256e-06
 2.25337e-05
-4.63215e-05
-1.51688e-05
-2.34941e-05
-2.89384e-05
 2.64226e-05
-2.60095e-05
 1.69653e-05
-6.04626e-06
-3.80416e-05
 1.35868e-06
 1.51074e-05
-3.82201e-05
 4.63674e-05
 6.31404e-05
-1.54509e-05
  5.3909e-06
 5.40726e-05
 3.07491e-05
-1.29744e-05
-3.51236e-05
-3.21392e-05
 2.40908e-05
-1.05907e-05
 3.96862e-05
-2.01249e-05
-2.24443e-06
-6.85739e-05
-2.85393e-05
 1.18698e-05
-9.12959e-05
 4.25968e-05
-4.03335e-06
 -3.1373e-05
 1.99713e-06
 7.17707e-06
 9.34885e-05
 3.38514e-05
-5.58091e-06
-5.39351e-05
-0.000131043
-9.04382e-05
-3.69838e-05
-0.000129475
 1.28567e+07
  5.8597e-05
-7.13883e-06
-7.28713e-06
-1.48395e-05
 3.62142e-05
 1.05198e-05
 4.99412e-05
-6.14821e-06
 1.64282e-05
-2.62915e-05
 -1.6449e-05
 1.55285e-05
   2.391e-05
-4.78764e-05
 2.53815e-05
-0.000110385
 4.34527e-05
  2.1284e-05
 1.95786e-05
-1.14969e-05
 1.06598e-05
-1.69517e-06
-2.36211e-05
-3.22957e-05
-4.26319e-06
 1.25653e-05
 5.66173e-06
 2.77536e-05
 1.77985e+07
-2.92375e-05
  1.4414e-05
-1.81913e-06
 0.000126835
-7.23351e-05
 1.30286e-05
-5.57812e-05
 1.35194e-05
-3.93356e-06
 6.65989e-06
 1.90146e-05
 2.12988e-06
 2.36069e-05
-1.68968e-05
-1.64611e-07
 3.10584e-05
  4.0957e-05
  1.6615e-05
 4.36549e-05
  1.9744e-06
 1.68735e-05
-0.000139234
 -6.1483e-06
 1.49995e+07
 4.13507e-07
  8.4325e-06
-5.57533e-05
 3.80102e-06
 0.000106658
-0.000235682
 -9.3146e-05
 0.000118384
-3.51715e-05
-2.07924e-05
 8.29453e-06
 4.82739e-06
-2.66855e-05
-1.78765e-05
-4.93487e-05
-0.000156902
 4.48632e-05
-9.10129e-06
 1.67473e+07
-0.000102864
  5.2696e-06
 9.53287e-06
 1.79337e-05
-4.58946e-05
 -2.6309e-05
  2.0303e-06
-7.32351e-05
 0.000135391
 7.30293e-05
-4.18009e-06
 1.07743e-06
 3.60458e-05
-4.34117e-05
-2.15684e-05
 2.85514e-05
 4.40776e-05
 0.000186188
 2.17181e+07
-4.36411e-05
-0.000122377
-7.32753e-06
-1.28922e-05
-0.000149794
-2.14365e-05
-3.61651e-05
  6.4049e-05
-2.90742e-05
 6.89086e-05
-6.10061e-05
-2.35955e-05
-1.59815e-05
-3.44333e-05
 7.23241e-05
 2.22991e-05
-8.20709e-05
-8.32384e-05
-3.42325e-05
-5.61443e-05
-5.28581e-05
 1.20555e-05
 1.07537e-05
 3.16532e-05