 43.1192911899049065
58.15683951722771639
56.63463645352268117
 71.6021545554329748
26.71038819268931164
25.36304082536774018
30.60798561189604428
21.45457685585078167
101.5357010722590871
100.4674138552944669
86.75206012982243919
 85.6562483026939816
22.43314862352374561
24.11188893906853536
23.88524084019710969
22.65271826252958576
100.2800774697608546
93.98858403952557694
89.55894124177099513
82.96074055821266313
86.69695999016302324
66.89765496798990796
66.81127574146442782
23.77548907052968019
25.73098769560062138
26.90086905970153452
22.60256015281503394
22.17420242100526551
32.99632709290361277
25.82137323212750957
29.31859863112483922
24.11977291539906432
22.53958134156460247
25.14462795678046092
71.47792859642966334
56.76727754553301963
58.26866373697205148
43.42928225571917977
100.5500381769496698
99.72386782336674571
99.77444566815789528
30.99355635953027033
37.20558324804103734
24.38858918252971719
26.60795735723577238
24.05717675706063119
25.04474333937921671
22.50275276020724391
21.56709722875321589
20.71818592499371903
21.35393286615942898
32.86449132688777297
48.54860048051445887
45.06643514219496183
36.33165124149336833
84.55291015416679556
63.84955328922373496
62.61920874278426652
 85.7612451430376268
46.71680614058504233
32.61107480835681116
34.71495783613098496
44.62152457292400243
100.4389064436787464
93.89601636448985289
89.93506156424957965
 83.1631020698110035
62.43048079783733328
62.86371130769417448
21.59510332293212542
26.41982870079187151
24.42322104498014212
23.60763243638513842
91.70903878780320895
66.34837615836791258
71.08645192186679651
87.02375593455394664
30.82527963480279709
32.88522699485588419
37.98999835729860308
46.17855385648519473
 48.2666317768996791
65.96427366953906812
39.94753024049032319
32.31211483589552813
33.43774317866324708
25.13183977933358548
26.68461630821933284
24.00026988287395824
49.82521942893689726
33.15725368220875424
39.86407176504121708
39.67778798192375689
50.65409434311105485
53.13580585548055524
37.19309229865542221
 25.1661635671531414
25.92327794027394106
28.39553254929921522
22.71495011588237034
26.79118635355676759
28.41121762791855332
34.49054946521550846
36.12213383240136721
67.70911506495929189
86.62453449016322793
25.71519838423731841
 23.7811013600613812
22.58223472130755738
26.91094577685449352
27.01869098283635751
27.13107773054120742
87.19827205318672725
67.73440105241763831
83.39115188989744354
21.37333267417473337
20.74046805642347024
22.19923098992379806
43.47506082628463275
58.43436727358652405
56.99330419039095119
 71.8248843861453139
20.57799449673571601
21.55002570850246357
21.48600965835759169
22.29148099194209465
107.2389319071901781
106.9012184668747381
107.1013972106993322
107.0297092242908121
25.46707407917167743
30.59081498238379027
28.46216494501674532
28.53514207881885412
21.38710416630780387
22.26657038881251083
20.48449461880758449
99.88286337282440286
86.59084047990874922
21.69024943701909436
21.53358829126995033
26.41727637879133894
23.61170781956558429
47.06441198112814561
67.07087012000475568
73.12873395332420046
73.18696396628369882
53.23899479159051396
46.84980310772544243
58.72763033060958549
63.30359670610117462
42.14012023598053958
 58.7512378994953508
84.13993809547952196
80.03293612003551516
62.86172014895169724
  25.931463857908156
25.23397337766249748
22.71979109527255858
 28.4665944135326292
32.92378549206845406
33.16233947196366216
49.90202195188270196
 43.1178474513167771
112.5935308634567775
112.8751774851885585
112.6741912844458966
112.8184446089492496
22.73912050661797934
30.80786292744517496
 26.9301397984718065
24.12189681365175886
22.65868963580199491
23.99539024930314923
 87.0919958498403588
100.4968647831322812
28.55553621551519328
35.85465910680373725
32.77309432943495437
100.2058072298006124
99.85966064490783367
100.4122855862362087
99.71106091975758545
45.01479491761470086
44.76044270399260938
95.27251682884417505
62.97689081023688118
85.13095894176323952
100.3788372266634212
87.14279009315166036
53.07247929295630939
49.79534608694159203
70.93540468442576241
63.86298485408387648
46.08996160498900707
32.83237650257794371
34.31940609487067917
99.75673258674120802
99.54313357552427988
23.93261670344909575
22.66047591195117406
24.07710401635646491
42.24275153023307894
31.03285492729322925
101.5304649882364458
95.52884950053540081
84.17608767500766476
101.4686442657499299
21.50083363689810412
22.66213939203649019
22.61680482562059069
42.49139847848093865
32.82564174827942338
42.49480868583693649
53.11509094805474973
32.84769116327082372
35.56695229435224093
 91.2909802772221326
86.37224686262038631
66.88305328023685092
86.87284258770047529
67.78062399457850518
49.75871230159722103
80.04325335474401015
21.55951186944206555
21.70056034705877224
67.70798366014413716
50.68956083969723636
29.24772197413462038
 25.8446010866249658
21.61590980560512065
 22.5373531710026711
22.46402276385174801
 85.6984223090844921
39.75792209707546476
84.28763919151032269
34.39374626253762557
100.0208891491727456
22.58907880964311587
25.06738981744790706
24.15495386458514204
26.64209306922345988
46.46917547205825372
27.04215460975996166
 27.1191051594075283
33.36809508188732565
 32.3212571223893832
35.70333773715915981
101.4895469797104965
83.20339625394794325
89.62635520103265208
 94.0155251330072872
35.56985135267523646
32.83969501856913098
37.96766260304548268
24.02395187420309597
24.08394118073009693
71.19680895497801032
56.43304784212392633
57.95252281327316268
22.54611806082117553
 22.3476064338563738
89.20634423064268503
94.06414517470788894
